**************** MT TC 1 ****************
testcase 1: Create an instance of a MatchingPursuit type object
**************** MT TC 2 ****************
testcase 2: Compress two consecutive heartbeats. Write result to output and input/decomp.cmp
Dilat: 0.155674 Trans: 195.493
coefss: -0.0441263
0.00256317
Dilat: 0.145002 Trans: 245.458
coefss:   0.0858439
-0.00389785
  0.0313501
-0.00612714
   0.011303
-0.00370843
Dilat: 0.152937 Trans: 152.523
coefss:   0.208929
-0.0456641
 -0.146896
 0.0498872
 0.0451743
-0.0274228
-0.0598764
Dilat: 0.127699 Trans: 195.444
coefss: -0.0399508
0.00239726
Dilat: 0.155762 Trans: 246.494
coefss:    0.103402
  0.0010075
  0.0452138
-0.00342042
  0.0214757
-0.00281687
Dilat: 0.153165 Trans: 153.45
coefss:  0.225173
 -0.01594
-0.156951
0.0292819
0.0567228
-0.013362
-0.062671
**************** MT TC 3 ****************
testcase 3: Decompress the compressed heartbeats
input file opened
-2.66295e-113
 -9.2758e-112
-3.15448e-110
-1.04735e-108
-3.39501e-107
-1.07442e-105
-3.31961e-104
-1.00134e-102
-2.94885e-101
-8.47815e-100
 -2.37971e-98
 -6.52107e-97
 -1.74456e-95
 -4.55637e-94
 -1.16177e-92
 -2.89192e-91
 -7.02771e-90
 -1.66725e-88
 -3.86142e-87
  -8.7307e-86
  -1.9271e-84
  -4.1525e-83
 -8.73502e-82
 -1.79376e-80
  -3.5959e-79
 -7.03707e-78
 -1.34435e-76
  -2.5071e-75
 -4.56416e-74
 -8.11112e-73
 -1.40711e-71
 -2.38285e-70
   -3.939e-69
 -6.35613e-68
 -1.00118e-66
 -1.53938e-65
 -2.31038e-64
 -3.38474e-63
 -4.84023e-62
 -6.75621e-61
 -9.20518e-60
 -1.22419e-58
  -1.5891e-57
 -2.01341e-56
 -2.48993e-55
 -3.00548e-54
 -3.54085e-53
 -4.07157e-52
 -4.56955e-51
 -5.00537e-50
 -5.35113e-49
 -5.58336e-48
 -5.68566e-47
 -5.65062e-46
 -5.48069e-45
 -5.18791e-44
 -4.79248e-43
  -4.3205e-42
 -3.80107e-41
 -3.26338e-40
 -2.73411e-39
 -2.23532e-38
 -1.78333e-37
  -1.3883e-36
 -1.05461e-35
 -7.81701e-35
 -5.65361e-34
 -3.98967e-33
 -2.74704e-32
 -1.84543e-31
 -1.20956e-30
  -7.7347e-30
 -4.82539e-29
 -2.93686e-28
 -1.74375e-27
    -1.01e-26
 -5.70672e-26
 -3.14528e-25
 -1.69094e-24
 -8.86703e-24
 -4.53516e-23
 -2.26233e-22
 -1.10065e-21
 -5.22225e-21
 -2.41635e-20
 -1.09027e-19
 -4.79693e-19
  -2.0579e-18
 -8.60777e-18
 -3.51027e-17
 -1.39556e-16
 -5.40863e-16
 -2.04327e-15
 -7.52379e-15
 -2.70013e-14
  -9.4436e-14
 -3.21853e-13
 -1.06883e-12
 -3.45815e-12
 -1.08999e-11
 -3.34658e-11
 -1.00075e-10
 -2.91434e-10
 -8.26399e-10
 -2.28146e-09
 -6.13113e-09
 -1.60362e-08
 -4.08147e-08
 -1.01065e-07
 -2.43424e-07
 -5.70167e-07
  -1.2984e-06
 -2.87382e-06
 -6.18051e-06
 -1.29109e-05
 -2.61877e-05
 -5.15541e-05
 -9.84594e-05
 -0.000182329
 -0.000327197
 -0.000568636
  -0.00095634
  -0.00155518
  -0.00244302
   -0.0037032
  -0.00540993
  -0.00760587
   -0.0102741
     -0.01331
   -0.0165034
   -0.0195442
   -0.0220637
   -0.0237181
   -0.0243054
   -0.0238893
   -0.0228818
   -0.0220281
   -0.0222454
   -0.0243028
   -0.0283882
   -0.0336782
    -0.038077
   -0.0382975
   -0.0303931
   -0.0107217
    0.0228462
    0.0698062
     0.126378
     0.185664
     0.238727
     0.276416
     0.291508
     0.280558
     0.244911
     0.190528
     0.126644
    0.0636273
    0.0106485
   -0.0262075
   -0.0449017
   -0.0473112
     -0.03817
   -0.0234865
   -0.0089354
    0.0013554
   0.00538665
   0.00322305
   -0.0035526
   -0.0126105
   -0.0216174
   -0.0287749
   -0.0330784
   -0.0343165
    -0.032893
   -0.0295701
   -0.0252195
   -0.0206359
   -0.0164314
   -0.0130041
   -0.0105585
  -0.00915203
  -0.00874613
  -0.00924857
   -0.0105413
   -0.0124938
   -0.0149662
    -0.017807
   -0.0208497
   -0.0239139
   -0.0268093
   -0.0293471
   -0.0313531
   -0.0326843
   -0.0332428
   -0.0329864
    -0.031933
   -0.0301584
   -0.0277866
   -0.0249758
   -0.0219007
   -0.0187347
   -0.0156345
   -0.0127281
   -0.0101083
  -0.00783086
  -0.00591717
  -0.00435988
  -0.00313027
  -0.00218573
  -0.00147644
 -0.000950452
 -0.000556799
 -0.000246821
  2.61994e-05
  0.000308507
  0.000647914
   0.00109572
   0.00170783
   0.00254426
   0.00366655
   0.00513259
     0.006989
   0.00926166
     0.011946
    0.0149992
     0.018336
    0.0218323
     0.025336
    0.0286863
    0.0317377
    0.0343864
    0.0365909
    0.0383818
    0.0398564
     0.041158
    0.0424412
    0.0438327
    0.0453966
    0.0471136
     0.048881
    0.0505343
    0.0518852
    0.0527667
    0.0530709
    0.0527725
    0.0519277
    0.0506535
    0.0490918
    0.0473698
    0.0455684
    0.0437071
    0.0417478
    0.0396148
    0.0372251
    0.0345185
    0.0314802
    0.0281505
    0.0246212
    0.0210204
    0.0174909
    0.0141683
    0.0111628
   0.00854862
   0.00635995
   0.00459464
   0.00322187
   0.00219195
   0.00144611
  0.000924595
  0.000572444
   0.00034284
   0.00019834
  0.000110621
  5.93153e-05
  3.04527e-05
  1.48759e-05
  6.84319e-06
  2.90974e-06
  1.09982e-06
  3.32092e-07
  4.38627e-08
 -4.16073e-08
 -5.15615e-08
 -3.95962e-08
 -2.54849e-08
 -1.48231e-08
 -8.03413e-09
 -4.12141e-09
 -2.01918e-09
 -9.50163e-10
  -4.3111e-10
 -1.89114e-10
 -8.03666e-11
 -3.31361e-11
 -1.32713e-11
   -5.168e-12
 -1.95819e-12
 -7.22414e-13
 -2.59621e-13
 -9.09305e-14
 -3.10498e-14
-1.26496e-113
-4.40199e-112
-1.49571e-110
-4.96219e-109
 -1.6074e-107
-5.08387e-106
-1.56996e-104
 -4.7337e-103
-1.39357e-101
-4.00568e-100
 -1.12418e-98
  -3.0804e-97
 -8.24118e-96
 -2.15268e-94
 -5.49004e-93
 -1.36702e-91
 -3.32337e-90
 -7.88826e-89
 -1.82802e-87
 -4.13597e-86
 -9.13621e-85
 -1.97036e-83
 -4.14872e-82
 -8.52841e-81
 -1.71161e-79
  -3.3537e-78
 -6.41536e-77
  -1.1981e-75
 -2.18443e-74
 -3.88825e-73
 -6.75672e-72
 -1.14626e-70
 -1.89841e-69
 -3.06941e-68
 -4.84478e-67
 -7.46525e-66
 -1.12296e-64
 -1.64902e-63
 -2.36391e-62
 -3.30804e-61
 -4.51903e-60
 -6.02627e-59
 -7.84473e-58
 -9.96846e-57
  -1.2365e-55
 -1.49718e-54
 -1.76955e-53
 -2.04152e-52
 -2.29903e-51
 -2.52714e-50
 -2.71145e-49
 -2.83961e-48
 -2.90264e-47
 -2.89601e-46
 -2.82016e-45
 -2.68046e-44
 -2.48656e-43
 -2.25132e-42
 -1.98938e-41
 -1.71567e-40
 -1.44403e-39
 -1.18615e-38
 -9.50865e-38
  -7.4388e-37
 -5.67916e-36
 -4.23112e-35
 -3.07614e-34
 -2.18238e-33
 -1.51083e-32
  -1.0206e-31
 -6.72722e-31
 -4.32662e-30
 -2.71509e-29
 -1.66238e-28
 -9.93053e-28
 -5.78765e-27
 -3.29082e-26
 -1.82544e-25
 -9.87816e-25
 -5.21454e-24
 -2.68517e-23
 -1.34874e-22
 -6.60798e-22
 -3.15773e-21
 -1.47173e-20
 -6.68977e-20
 -2.96553e-19
 -1.28198e-18
 -5.40409e-18
 -2.22129e-17
 -8.90238e-17
 -3.47853e-16
  -1.3251e-15
 -4.92079e-15
 -1.78124e-14
 -6.28465e-14
 -2.16109e-13
 -7.24206e-13
 -2.36488e-12
 -7.52442e-12
 -2.33242e-11
  -7.0431e-11
 -2.07153e-10
 -5.93385e-10
 -1.65515e-09
 -4.49503e-09
 -1.18837e-08
 -3.05787e-08
 -7.65693e-08
  -1.8654e-07
 -4.42052e-07
 -1.01872e-06
 -2.28245e-06
 -4.97035e-06
 -1.05166e-05
 -2.16125e-05
 -4.31234e-05
 -8.35036e-05
 -0.000156844
 -0.000285602
 -0.000503861
 -0.000860616
  -0.00142201
   -0.0022708
  -0.00350084
  -0.00520389
  -0.00744739
   -0.0102432
   -0.0135122
    -0.017053
   -0.0205301
   -0.0234976
   -0.0254718
   -0.0260555
   -0.0250964
   -0.0228387
   -0.0200034
   -0.0177307
   -0.0173323
   -0.0198575
   -0.0255476
   -0.0333349
   -0.0405864
   -0.0432844
   -0.0367371
    -0.016754
    0.0189671
    0.0696392
     0.130801
     0.194661
      0.25143
      0.29139
     0.307178
     0.295634
     0.258671
     0.202868
     0.137913
    0.0743255
    0.0211148
   -0.0159932
   -0.0353402
   -0.0390373
   -0.0318076
    -0.019406
    -0.007101
   0.00140255
   0.00441479
    0.0021151
  -0.00400764
   -0.0118791
   -0.0195004
   -0.0253976
   -0.0288136
   -0.0296728
   -0.0284023
   -0.0256996
   -0.0223187
   -0.0189178
   -0.0159792
   -0.0137922
    -0.012477
   -0.0120278
   -0.0123594
   -0.0133441
   -0.0148384
   -0.0166982
   -0.0187848
   -0.0209681
   -0.0231261
   -0.0251455
   -0.0269237
   -0.0283706
    -0.029413
   -0.0299975
   -0.0300938
   -0.0296961
   -0.0288234
   -0.0275177
   -0.0258402
   -0.0238669
   -0.0216825
   -0.0193747
   -0.0170283
   -0.0147204
   -0.0125162
   -0.0104673
  -0.00860981
  -0.00696539
    -0.005542
  -0.00433606
  -0.00333483
   -0.0025187
  -0.00186328
  -0.00134085
 -0.000921023
 -0.000570504
 -0.000251805
  7.88708e-05
  0.000474371
  0.000999314
   0.00173189
   0.00276348
   0.00419466
   0.00612625
   0.00864496
     0.011804
    0.0156015
    0.0199608
    0.0247196
     0.029633
    0.0343968
     0.038691
    0.0422384
    0.0448662
    0.0465568
    0.0474672
    0.0479091
    0.0482846
    0.0489909
     0.050316
    0.0523552
    0.0549748
    0.0578384
     0.060491
    0.0624789
     0.063471
    0.0633442
     0.062208
    0.0603617
    0.0581993
    0.0560919
    0.0542855
    0.0528417
    0.0516359
     0.050408
    0.0488468
    0.0466792
    0.0437413
    0.0400146
    0.0356223
    0.0307951
    0.0258181
    0.0209764
    0.0165104
    0.0125884
   0.00929855
   0.00665546
   0.00461714
   0.00310548
    0.0020257
   0.00128187
  0.000787163
    0.0004692
  0.000271543
  0.000152622
  8.33276e-05
  4.42029e-05
   2.2787e-05
  1.14177e-05
  5.56151e-06
  2.63391e-06
    1.213e-06
  5.43285e-07
  2.36674e-07
  1.00294e-07
  4.13468e-08
  1.65838e-08
  6.47196e-09
  2.45766e-09
  9.08164e-10
  3.26575e-10
  1.14286e-10
  3.89227e-11
  1.29009e-11
  4.16148e-12
  1.30641e-12
  3.99128e-13
  1.18667e-13
  3.43331e-14
  9.66583e-15
  2.64774e-15
  7.05638e-16
testcase 3: DONE

