**************** MT TC 1 ****************
testcase 1: Create an instance of an OrtCOmpresser with both costructors
testcase 1: DONE

**************** MT TC 2 ****************
testcase 2: Compress a heartbeat. Write result to output and input/decomp.cmp
dilatation: 0.15 translation: 100
Fourier coeffs: 
 -0.0352533
   0.013859
 -0.0162477
  0.0192767
-0.00677354
  0.0241464
0.000657394
  0.0273764
 0.00689554
  0.0274727
  0.0135352
  0.0279366
  0.0168369
  0.0259675
  0.0189743
  0.0261622
  0.0208759
  0.0262689
  0.0216087
  0.0229005
  0.0275802
  0.0100745
  0.0431636
 -0.0167876
  0.0730155
testcase 2: DONE

**************** MT TC 3 ****************
testcase 3: Decompress the compressed heartbeat
7.99978e-190
8.06151e-188
7.93728e-186
7.63557e-184
7.17667e-182
6.59044e-180
5.91306e-178
 5.1834e-176
4.43934e-174
3.71468e-172
3.03683e-170
2.42556e-168
1.89276e-166
  1.443e-164
1.07478e-162
7.82089e-161
5.55995e-159
3.86155e-157
2.62014e-155
1.73682e-153
1.12474e-151
7.11564e-150
4.39778e-148
2.65527e-146
1.56616e-144
9.02429e-143
5.07966e-141
2.79317e-139
1.50037e-137
 7.8729e-136
4.03553e-134
2.02065e-132
9.88339e-131
4.72213e-129
2.20386e-127
1.00471e-125
4.47407e-124
1.94611e-122
 8.2685e-121
3.43146e-119
1.39097e-117
5.50734e-116
2.12982e-114
8.04484e-113
2.96797e-111
1.06946e-109
3.76383e-108
1.29374e-106
4.34321e-105
1.42402e-103
4.55993e-102
1.42604e-100
  4.3554e-99
 1.29911e-97
 3.78419e-96
 1.07649e-94
 2.99049e-93
 8.11282e-92
 2.14925e-90
 5.56011e-89
  1.4046e-87
 3.46487e-86
 8.34606e-85
 1.96303e-83
 4.50835e-82
 1.01098e-80
  2.2136e-79
 4.73231e-78
 9.87781e-77
 2.01304e-75
 4.00532e-74
 7.78052e-73
 1.47556e-71
 2.73196e-70
 4.93797e-69
 8.71307e-68
 1.50083e-66
 2.52361e-65
 4.14217e-64
 6.63654e-63
 1.03789e-61
 1.58432e-60
 2.36053e-59
  3.4327e-58
 4.87204e-57
 6.74871e-56
 9.12333e-55
 1.20364e-53
 1.54965e-52
 1.94693e-51
 2.38691e-50
 2.85544e-49
 3.33309e-48
 3.79613e-47
 4.21831e-46
 4.57324e-45
 4.83703e-44
 4.99099e-43
 5.02374e-42
 4.93267e-41
 4.72424e-40
 4.41323e-39
   4.021e-38
 3.57309e-37
 3.09644e-36
 2.61678e-35
 2.15642e-34
 1.73276e-33
 1.35754e-32
 1.03694e-31
 7.72163e-31
 5.60523e-30
 3.96622e-29
 2.73544e-28
  1.8387e-27
 1.20448e-26
 7.68867e-26
 4.78227e-25
 2.89808e-24
 1.71096e-23
 9.83963e-23
 5.51173e-22
 3.00691e-21
 1.59746e-20
 8.26354e-20
 4.16178e-19
 2.04039e-18
 9.73672e-18
 4.52186e-17
 2.04345e-16
 8.98438e-16
 3.84254e-15
 1.59839e-14
 6.46549e-14
 2.54269e-13
  9.7201e-13
 3.61112e-12
 1.30349e-11
 4.57048e-11
  1.5563e-10
   5.145e-10
 1.65084e-09
 5.13946e-09
 1.55193e-08
 4.54373e-08
 1.28932e-07
 3.54432e-07
 9.43456e-07
 2.43055e-06
 6.05667e-06
 1.45895e-05
 3.39488e-05
  7.6252e-05
 0.000165176
 0.000344739
  0.00069247
  0.00133699
  0.00247765
  0.00439931
  0.00746929
   0.0120963
   0.0186288
   0.0271774
   0.0373721
   0.0481121
   0.0574248
   0.0625974
   0.0607266
    0.049713
   0.0294884
  0.00298461
  -0.0238228
  -0.0433151
  -0.0490232
    -0.03888
  -0.0172706
  0.00576922
   0.0186919
   0.0144038
 -0.00518953
  -0.0293436
  -0.0442732
  -0.0417422
  -0.0249002
 -0.00671119
 -0.00109058
  -0.0125895
  -0.0325456
  -0.0454682
  -0.0413744
  -0.0242156
 -0.00886047
 -0.00846489
  -0.0228644
  -0.0385616
  -0.0409263
  -0.0277935
  -0.0116483
 -0.00786445
  -0.0199024
  -0.0358498
  -0.0400151
  -0.0283903
  -0.0125877
 -0.00813756
  -0.0188397
  -0.0330534
  -0.0357309
  -0.0238414
 -0.00932316
 -0.00660958
  -0.0177245
   -0.030328
  -0.0305413
  -0.0171462
 -0.00262487
-0.000306945
  -0.0110138
  -0.0226242
  -0.0224837
 -0.00980037
  0.00414929
  0.00753711
-0.000607686
  -0.0100336
  -0.0095667
  0.00234137
   0.0166398
   0.0224656
   0.0170042
  0.00757604
  0.00478276
   0.0133645
    0.028627
   0.0407964
   0.0429795
   0.0361368
   0.0276775
   0.0255478
    0.032655
   0.0454344
   0.0568671
   0.0612597
   0.0574962
   0.0490964
   0.0416702
   0.0397115
   0.0445603
   0.0542837
   0.0650559
   0.0730217
   0.0757069
   0.0725378
   0.0645479
   0.0536483
   0.0418672
   0.0308188
   0.0214815
   0.0142246
  0.00897307
  0.00540498
  0.00311513
  0.00172086
 0.000912565
 0.000465167
 0.000228187
 0.000107836
 4.91395e-05
 2.16101e-05
  9.1784e-06
 3.76755e-06
 1.49555e-06
 5.74431e-07
 2.13597e-07
 7.69275e-08
 2.68463e-08
 9.08198e-09
 2.97943e-09
 9.48185e-10
  2.9282e-10
 8.77786e-11
 2.55493e-11
 7.22246e-12
 1.98343e-12
 5.29265e-13
 1.37263e-13
 3.46052e-14
 8.48255e-15
 2.02203e-15
 4.68814e-16
 1.05739e-16
 2.32041e-17
 4.95505e-18
 1.02979e-18
 2.08319e-19
 4.10241e-20
 7.86565e-21
 1.46848e-21
 2.66983e-22
 4.72749e-23
 8.15368e-24
 1.36992e-24
  2.2423e-25
 3.57593e-26
 5.55675e-27
 8.41439e-28
 1.24174e-28
 1.78598e-29
 2.50376e-30
 3.42146e-31
testcase 3: DONE

**************** MT TC 4 ****************
testcase 4: Test getPRD methods
0.907432
0.907432
0.907432
testcase 4: DONE

