The signal's values:
-2.14598e-127
-9.09562e-126
-3.76464e-124
-1.52159e-122
 -6.0056e-121
 -2.3147e-119
-8.71194e-118
-3.20194e-116
-1.14918e-114
-4.02752e-113
-1.37836e-111
-4.60637e-110
-1.50324e-108
-4.79031e-107
-1.49062e-105
-4.52937e-104
-1.34392e-102
-3.89375e-101
  -1.1016e-99
 -3.04327e-98
 -8.20942e-97
 -2.16242e-95
 -5.56184e-94
 -1.39685e-92
 -3.42553e-91
 -8.20261e-90
 -1.91788e-88
 -4.37858e-87
 -9.76078e-86
 -2.12458e-84
 -4.51541e-83
  -9.3703e-82
 -1.89863e-80
 -3.75625e-79
 -7.25593e-78
 -1.36853e-76
  -2.5202e-75
  -4.5314e-74
 -7.95507e-73
 -1.36353e-71
 -2.28189e-70
 -3.72846e-69
 -5.94793e-68
 -9.26402e-67
 -1.40873e-65
 -2.09145e-64
 -3.03149e-63
  -4.2899e-62
 -5.92678e-61
 -7.99405e-60
 -1.05266e-58
 -1.35324e-57
 -1.69836e-56
 -2.08086e-55
 -2.48891e-54
 -2.90622e-53
 -3.31278e-52
 -3.68637e-51
 -4.00443e-50
 -4.24632e-49
 -4.39553e-48
 -4.44149e-47
 -4.38088e-46
 -4.21795e-45
  -3.9641e-44
  -3.6365e-43
 -3.25621e-42
 -2.84593e-41
  -2.4278e-40
 -2.02148e-39
 -1.64281e-38
 -1.30304e-37
 -1.00873e-36
 -7.62131e-36
  -5.6197e-35
 -4.04405e-34
 -2.84008e-33
 -1.94647e-32
 -1.30183e-31
 -8.49653e-31
 -5.41128e-30
 -3.36292e-29
  -2.0393e-28
 -1.20665e-27
 -6.96632e-27
 -3.92406e-26
 -2.15656e-25
  -1.1563e-24
 -6.04847e-24
 -3.08653e-23
 -1.53649e-22
 -7.46115e-22
 -3.53411e-21
  -1.6328e-20
  -7.3578e-20
 -3.23371e-19
 -1.38602e-18
  -5.7934e-18
 -2.36138e-17
 -9.38515e-17
 -3.63692e-16
 -1.37408e-15
 -5.06116e-15
 -1.81724e-14
 -6.36009e-14
 -2.16955e-13
 -7.21259e-13
 -2.33662e-12
  -7.3759e-12
 -2.26843e-11
 -6.79626e-11
 -1.98333e-10
  -5.6369e-10
 -1.56008e-09
 -4.20384e-09
 -1.10272e-08
 -2.81533e-08
 -6.99442e-08
 -1.69059e-07
 -3.97459e-07
  -9.0866e-07
 -2.01951e-06
 -4.36211e-06
 -9.15387e-06
 -1.86557e-05
 -3.69094e-05
 -7.08574e-05
 -0.000131927
 -0.000238085
 -0.000416201
 -0.000704256
  -0.00115255
  -0.00182255
  -0.00278184
  -0.00409347
  -0.00579913
  -0.00789724
   -0.0103203
    -0.012919
   -0.0154644
   -0.0176776
   -0.0192955
   -0.0201653
   -0.0203491
   -0.0201994
   -0.0203562
   -0.0216192
   -0.0246764
   -0.0297188
   -0.0360317
   -0.0417101
   -0.0436607
   -0.0380142
   -0.0209665
    0.0100854
    0.0553921
     0.112057
      0.17394
     0.232446
      0.27813
     0.302776
       0.3014
     0.273601
     0.223832
     0.160463
    0.0938867
    0.0341828
   -0.0110201
   -0.0379196
   -0.0468582
   -0.0416142
   -0.0279765
   -0.0120804
   0.00103081
   0.00829227
   0.00883847
   0.00365009
  -0.00514996
   -0.0150875
    -0.023997
   -0.0304241
   -0.0337503
   -0.0340916
   -0.0320689
   -0.0285436
   -0.0243907
   -0.0203462
   -0.0169349
   -0.0144625
   -0.0130478
   -0.0126726
   -0.0132298
   -0.0145622
   -0.0164879
   -0.0188157
   -0.0213529
     -0.02391
   -0.0263059
   -0.0283747
   -0.0299732
   -0.0309901
   -0.0313534
   -0.0310356
   -0.0300556
   -0.0284752
   -0.0263923
   -0.0239306
   -0.0212273
   -0.0184204
   -0.0156374
   -0.0129865
   -0.0105506
  -0.00838496
  -0.00651832
  -0.00495549
  -0.00368214
  -0.00266986
   -0.0018809
  -0.00127203
 -0.000796909
 -0.000407007
 -5.09963e-05
  0.000326912
  0.000789134
   0.00140647
   0.00225835
   0.00343034
   0.00500793
   0.00706595
   0.00965423
    0.0127813
    0.0163995
     0.020396
    0.0245946
    0.0287721
    0.0326888
    0.0361311
    0.0389566
    0.0411306
    0.0427415
    0.0439878
    0.0451335
    0.0464416
    0.0481006
     0.050166
    0.0525343
    0.0549614
    0.0571209
    0.0586885
    0.0594262
    0.0592427
    0.0582107
    0.0565379
     0.054501
    0.0523651
    0.0503126
    0.0484027
    0.0465698
    0.0446584
    0.0424804
     0.039876
    0.0367611
    0.0331499
    0.0291516
    0.0249442
    0.0207372
    0.0167338
    0.0130997
   0.00994569
   0.00732292
   0.00522918
   0.00362196
   0.00243386
   0.00158703
   0.00100441
   0.00061713
  0.000368196
  0.000213361
   0.00012011
  6.56977e-05
  3.49231e-05
  1.80443e-05
  9.06362e-06
  4.42647e-06
  2.10216e-06
  9.70903e-07
  4.36149e-07
  1.90583e-07
  8.10135e-08
  3.35031e-08
  1.34801e-08
   5.2772e-09
  2.01016e-09
  7.45043e-10
  2.68698e-10
  9.42924e-11
  3.21968e-11
  1.06969e-11
  3.45776e-12
  1.08741e-12
   3.3267e-13
  9.89948e-14
  2.86504e-14
  8.06299e-15
  2.20608e-15
  5.86676e-16
  1.51599e-16
  3.80503e-17
  9.27226e-18
  2.19248e-18
-2.22181e-113
-7.75775e-112
-2.64452e-110
-8.80109e-109
 -2.8596e-107
 -9.0709e-106
-2.80912e-104
-8.49304e-103
-2.50684e-101
-7.22372e-100
 -2.03218e-98
 -5.58122e-97
 -1.49644e-95
 -3.91699e-94
 -1.00093e-92
 -2.49698e-91
 -6.08107e-90
 -1.44577e-88
 -3.35558e-87
 -7.60302e-86
 -1.68171e-84
 -3.63128e-83
 -7.65439e-82
 -1.57507e-80
 -3.16392e-79
  -6.2042e-78
 -1.18762e-76
  -2.2192e-75
 -4.04801e-74
  -7.2079e-73
 -1.25284e-71
 -2.12569e-70
 -3.52061e-69
 -5.69174e-68
 -8.98214e-67
 -1.38362e-65
 -2.08045e-64
 -3.05345e-63
 -4.37441e-62
 -6.11696e-61
 -8.34906e-60
  -1.1123e-58
 -1.44637e-57
 -1.83575e-56
 -2.27413e-55
 -2.74967e-54
 -3.24493e-53
 -3.73753e-52
 -4.20159e-51
 -4.60986e-50
 -4.93629e-49
 -5.15879e-48
 -5.26168e-47
 -5.23749e-46
 -5.08791e-45
 -4.82354e-44
  -4.4627e-43
 -4.02927e-42
 -3.55016e-41
 -3.05248e-40
 -2.56115e-39
 -2.09695e-38
 -1.67534e-37
 -1.30608e-36
  -9.9354e-36
 -7.37457e-35
 -5.34093e-34
 -3.77412e-33
  -2.6021e-32
 -1.75038e-31
 -1.14876e-30
 -7.35536e-30
 -4.59459e-29
 -2.79991e-28
 -1.66451e-27
 -9.65288e-27
 -5.46067e-26
 -3.01327e-25
 -1.62188e-24
 -8.51482e-24
 -4.36003e-23
 -2.17743e-22
 -1.06053e-21
 -5.03744e-21
 -2.33337e-20
 -1.05396e-19
 -4.64205e-19
 -1.99352e-18
 -8.34704e-18
 -3.40738e-17
   -1.356e-16
 -5.26043e-16
  -1.9892e-15
  -7.3316e-15
 -2.63361e-14
 -9.21935e-14
 -3.14493e-13
 -1.04531e-12
 -3.38498e-12
 -1.06784e-11
 -3.28131e-11
 -9.82036e-11
 -2.86215e-10
 -8.12244e-10
 -2.24412e-09
 -6.03537e-09
 -1.57975e-08
 -4.02365e-08
 -9.97047e-08
 -2.40315e-07
 -5.63272e-07
 -1.28355e-06
 -2.84283e-06
 -6.11778e-06
 -1.27879e-05
  -2.5954e-05
 -5.11248e-05
 -9.76967e-05
  -0.00018102
  -0.00032503
 -0.000565178
 -0.000951034
  -0.00154736
  -0.00243199
  -0.00368834
  -0.00539088
  -0.00758281
   -0.0102479
   -0.0132824
   -0.0164772
   -0.0195226
     -0.02205
   -0.0237148
   -0.0243134
   -0.0239071
   -0.0229054
   -0.0220515
   -0.0222622
   -0.0243077
   -0.0283793
   -0.0336578
   -0.0380514
   -0.0382752
   -0.0303823
   -0.0107268
    0.0228264
    0.0697784
     0.126352
     0.185651
     0.238732
     0.276438
     0.291539
     0.280587
     0.244927
     0.190524
     0.126621
    0.0635936
    0.0106164
   -0.0262261
   -0.0448996
   -0.0472887
   -0.0381342
   -0.0234493
  -0.00890893
   0.00136251
   0.00537177
   0.00318995
  -0.00359533
   -0.0126521
    -0.021648
   -0.0287877
   -0.0330706
   -0.0342895
   -0.0328512
   -0.0295193
   -0.0251659
   -0.0205846
    -0.016386
   -0.0129667
   -0.0105298
  -0.00913164
  -0.00873304
  -0.00924149
   -0.0105389
   -0.0124949
   -0.0149697
    -0.017812
   -0.0208556
     -0.02392
   -0.0268152
   -0.0293523
   -0.0313574
   -0.0326876
    -0.033245
   -0.0329875
   -0.0319332
   -0.0301578
   -0.0277855
   -0.0249744
   -0.0218991
   -0.0187331
   -0.0156331
   -0.0127269
   -0.0101073
  -0.00783012
  -0.00591661
  -0.00435945
   -0.0031299
  -0.00218534
  -0.00147593
 -0.000949672
 -0.000555572
 -0.000244912
  2.90919e-05
   0.00031275
  0.000653928
   0.00110395
   0.00171867
   0.00255798
    0.0036832
   0.00515188
    0.0070102
    0.0092836
    0.0119671
    0.0150175
    0.0183498
    0.0218401
    0.0253371
    0.0286808
     0.031727
    0.0343728
    0.0365773
    0.0383711
    0.0398509
    0.0411587
    0.0424476
     0.043843
    0.0454079
    0.0471228
    0.0488857
    0.0505333
    0.0518791
    0.0527573
    0.0530611
    0.0527652
    0.0519249
    0.0506561
    0.0490989
    0.0473794
    0.0455778
    0.0437138
      0.04175
     0.039612
     0.037218
    0.0345088
      0.03147
    0.0281421
    0.0246163
    0.0210199
    0.0174948
    0.0141761
    0.0111734
   0.00856076
   0.00637238
   0.00460637
   0.00323222
   0.00220057
   0.00145292
  0.000929721
  0.000576128
  0.000345372
  0.000200005
  0.000111668
  5.99448e-05
  3.08132e-05
  1.50717e-05
  6.94329e-06
  2.95722e-06
  1.12012e-06
   3.3939e-07
  4.55462e-08
  -4.1971e-08
 -5.24198e-08
 -4.03766e-08
 -2.60439e-08
 -1.51773e-08
 -8.24102e-09
 -4.23504e-09
  -2.0785e-09
 -9.79811e-10
 -4.45356e-10
 -1.95717e-10
 -8.33254e-11
 -3.44202e-11
 -1.38118e-11
 -5.38884e-12
 -2.04588e-12
 -7.56271e-13
 -2.72341e-13
 -9.55831e-14
 -3.27071e-14
-4.99319e-121
-2.07415e-119
-8.40556e-118
-3.32322e-116
-1.28178e-114
-4.82315e-113
-1.77055e-111
-6.34077e-110
-2.21531e-108
-7.55058e-107
-2.51061e-105
-8.14387e-104
 -2.5771e-102
-7.95573e-101
 -2.39593e-99
 -7.03901e-98
  -2.0174e-96
 -5.64042e-95
  -1.5384e-93
 -4.09319e-92
  -1.0624e-90
 -2.68996e-89
 -6.64403e-88
 -1.60083e-86
 -3.76255e-85
 -8.62663e-84
 -1.92939e-82
 -4.20934e-81
 -8.95825e-80
  -1.8597e-78
 -3.76593e-77
 -7.43887e-76
 -1.43332e-74
  -2.6939e-73
 -4.93874e-72
 -8.83169e-71
  -1.5405e-69
 -2.62101e-68
 -4.34968e-67
 -7.04088e-66
 -1.11166e-64
 -1.71196e-63
 -2.57147e-62
 -3.76735e-61
 -5.38334e-60
 -7.50283e-59
 -1.01989e-57
 -1.35216e-56
 -1.74842e-55
 -2.20498e-54
 -2.71206e-53
 -3.25329e-52
 -3.80603e-51
 -4.34252e-50
 -4.83198e-49
 -5.24346e-48
 -5.54899e-47
 -5.72674e-46
 -5.76358e-45
 -5.65668e-44
  -5.4139e-43
 -5.05278e-42
 -4.59849e-41
 -4.08092e-40
 -3.53144e-39
  -2.9798e-38
 -2.45165e-37
 -1.96677e-36
  -1.5384e-35
 -1.17326e-34
 -8.72401e-34
 -6.32454e-33
 -4.47016e-32
 -3.08025e-31
 -2.06923e-30
 -1.35512e-29
 -8.65137e-29
 -5.38412e-28
  -3.2663e-27
 -1.93151e-26
 -1.11332e-25
  -6.2548e-25
 -3.42501e-24
 -1.82789e-23
 -9.50736e-23
  -4.8192e-22
 -2.38055e-21
  -1.1459e-20
 -5.37485e-20
 -2.45648e-19
 -1.09386e-18
 -4.74565e-18
 -2.00579e-17
  -8.2586e-17
 -3.31231e-16
 -1.29399e-15
 -4.92353e-15
 -1.82446e-14
 -6.58367e-14
 -2.31337e-13
 -7.91448e-13
  -2.6361e-12
 -8.54707e-12
 -2.69738e-11
 -8.28487e-11
 -2.47624e-10
 -7.20124e-10
 -2.03734e-09
 -5.60656e-09
 -1.50048e-08
  -3.9047e-08
 -9.87825e-08
 -2.42893e-07
 -5.80349e-07
 -1.34707e-06
 -3.03666e-06
 -6.64611e-06
 -1.41174e-05
 -2.90932e-05
 -5.81418e-05
 -0.000112626
  -0.00021135
 -0.000383987
 -0.000674954
  -0.00114691
  -0.00188224
  -0.00298023
   -0.0045468
   -0.0066742
   -0.0094094
   -0.0127137
   -0.0164218
   -0.0202138
    -0.023621
    -0.026084
   -0.0270734
   -0.0262646
   -0.0237305
   -0.0200829
   -0.0164824
   -0.0144412
   -0.0153947
   -0.0200974
   -0.0279974
   -0.0368176
    -0.042582
   -0.0402424
   -0.0248851
   0.00672314
     0.054684
     0.115118
     0.180322
     0.240066
     0.283798
      0.30319
     0.294283
     0.258578
     0.202719
     0.136835
    0.0720655
    0.0179764
   -0.0193906
    -0.038367
   -0.0412999
   -0.0332569
   -0.0202924
  -0.00782182
  0.000486615
   0.00312015
  0.000489722
  -0.00571945
   -0.0133324
   -0.0203623
   -0.0254373
   -0.0279469
   -0.0279591
   -0.0260061
   -0.0228371
   -0.0192076
   -0.0157432
   -0.0128793
   -0.0108609
  -0.00977683
  -0.00960677
   -0.0102638
   -0.0116255
   -0.0135524
   -0.0158956
   -0.0184995
   -0.0212024
   -0.0238386
    -0.026244
   -0.0282645
   -0.0297668
   -0.0306489
   -0.0308495
   -0.0303539
   -0.0291947
    -0.027448
   -0.0252249
     -0.02266
   -0.0198975
   -0.0170782
   -0.0143281
   -0.0117499
  -0.00941843
  -0.00737925
  -0.00565099
  -0.00422944
  -0.00309316
  -0.00220923
   -0.0015385
  -0.00103976
 -0.000672488
 -0.000398027
 -0.000179383
  2.03265e-05
  0.000240404
  0.000525742
   0.00093007
   0.00151851
   0.00236849
   0.00356777
   0.00520863
   0.00737721
    0.0101385
    0.0135177
    0.0174822
    0.0219271
    0.0266714
    0.0314678
    0.0360309
    0.0400805
    0.0433945
    0.0458595
    0.0475057
    0.0485133
    0.0491824
     0.049869
    0.0508992
    0.0524832
    0.0546519
    0.0572379
    0.0599088
    0.0622469
    0.0638547
    0.0644561
    0.0639654
    0.0625029
    0.0603549
    0.0578902
    0.0554589
    0.0533035
    0.0515055
    0.0499803
    0.0485168
    0.0468461
    0.0447189
    0.0419691
    0.0385502
    0.0345399
    0.0301161
    0.0255149
    0.0209851
     0.016747
    0.0129655
   0.00973785
   0.00709603
   0.00501801
   0.00344441
    0.0022955
   0.00148572
  0.000934121
  0.000570673
  0.000338838
  0.000195575
  0.000109759
  5.99043e-05
  3.18007e-05
  1.64228e-05
  8.25173e-06
  4.03448e-06
  1.91964e-06
  8.88956e-07
  4.00685e-07
  1.75798e-07
  7.50815e-08
  3.12156e-08
  1.26338e-08
  4.97762e-09
  1.90906e-09
  7.12706e-10
  2.58979e-10
  9.15883e-11
  3.15199e-11
  1.05543e-11
  3.43789e-12
  1.08909e-12
  3.35439e-13
   1.0041e-13
  2.91982e-14
  8.24319e-15
  2.25776e-15
  5.99377e-16
