The signal's values:
            0
            0
            0
            0
            0
            0
            0
            0
            0
            0
            0
            0
            0
            0
            0
            0
            0
            0
            0
            0
            0
            0
            0
            0
            0
            0
            0
            0
            0
            0
            0
            0
            0
            0
-4.11474e-299
-3.03356e-296
-2.16706e-293
-1.50002e-290
-1.00608e-287
-6.53841e-285
-4.11737e-282
-2.51231e-279
-1.48536e-276
-8.50931e-274
-4.72347e-271
-2.54057e-268
-1.32405e-265
-6.68617e-263
-3.27154e-260
-1.55106e-257
-7.12532e-255
 -3.1716e-252
-1.36789e-249
-5.71639e-247
-2.31467e-244
-9.08138e-242
-3.45231e-239
-1.27164e-236
-4.53847e-234
-1.56945e-231
-5.25871e-229
-1.70727e-226
-5.37049e-224
-1.63688e-221
-4.83399e-219
 -1.3832e-216
-3.83485e-214
-1.03014e-211
-2.68122e-209
-6.76163e-207
-1.65216e-204
-3.91144e-202
-8.97223e-200
-1.99409e-197
-4.29404e-195
-8.95914e-193
 -1.8111e-190
-3.54727e-188
-6.73163e-186
-1.23771e-183
-2.20491e-181
-3.80568e-179
-6.36419e-177
-1.03115e-174
-1.61871e-172
-2.46196e-170
-3.62792e-168
 -5.1796e-166
-7.16469e-164
-9.60193e-162
-1.24675e-159
 -1.5684e-157
-1.91156e-155
-2.25723e-153
-2.58236e-151
-2.86225e-149
-3.07361e-147
-3.19771e-145
 -3.2231e-143
-3.14742e-141
-2.97767e-139
-2.72924e-137
-2.42351e-135
 -2.0849e-133
-1.73765e-131
-1.40304e-129
-1.09752e-127
-8.31733e-126
-6.10636e-124
-4.34316e-122
-2.99263e-120
-1.99766e-118
-1.29184e-116
-8.09304e-115
-4.91167e-113
-2.88774e-111
-1.64473e-109
-9.07487e-108
-4.85053e-106
-2.51154e-104
-1.25976e-102
-6.12114e-101
 -2.88118e-99
  -1.3137e-97
 -5.80245e-96
 -2.48262e-94
 -1.02894e-92
  -4.1309e-91
 -1.60648e-89
 -6.05169e-88
 -2.20823e-86
 -7.80507e-85
  -2.6722e-83
 -8.86169e-82
 -2.84653e-80
 -8.85655e-79
 -2.66905e-77
  -7.7909e-76
  -2.2027e-74
 -6.03188e-73
 -1.59984e-71
 -4.10981e-70
 -1.02255e-68
 -2.46409e-67
  -5.7509e-66
 -1.29992e-64
 -2.84572e-63
 -6.03332e-62
 -1.23881e-60
 -2.46338e-59
 -4.74382e-58
 -8.84689e-57
 -1.59776e-55
 -2.79436e-54
 -4.73257e-53
 -7.76156e-52
 -1.23262e-50
 -1.89553e-49
 -2.82257e-48
 -4.06971e-47
 -5.68169e-46
 -7.68028e-45
  -1.0052e-43
 -1.27379e-42
 -1.56278e-41
 -1.85628e-40
 -2.13464e-39
 -2.37645e-38
  -2.5612e-37
 -2.67214e-36
 -2.69873e-35
 -2.63836e-34
  -2.4967e-33
 -2.28687e-32
 -2.02743e-31
 -1.73966e-30
  -1.4447e-29
  -1.1611e-28
 -9.03068e-28
 -6.79693e-27
 -4.95024e-26
  -3.4885e-25
 -2.37865e-24
 -1.56919e-23
  -1.0015e-22
 -6.18342e-22
 -3.69305e-21
 -2.13349e-20
  -1.1921e-19
 -6.44204e-19
 -3.36656e-18
 -1.70124e-17
  -8.3124e-17
 -3.92668e-16
 -1.79317e-15
 -7.91534e-15
 -3.37692e-14
 -1.39227e-13
 -5.54659e-13
 -2.13484e-12
 -7.93744e-12
 -2.85039e-11
 -9.88471e-11
 -3.30964e-10
 -1.06972e-09
 -3.33692e-09
 -1.00439e-08
 -2.91634e-08
 -8.16648e-08
 -2.20478e-07
 -5.73709e-07
 -1.43834e-06
 -3.47304e-06
 -8.07327e-06
 -1.80584e-05
 -3.88485e-05
 -8.03307e-05
 -0.000159559
 -0.000304215
 -0.000556294
 -0.000974756
  -0.00163494
  -0.00262189
  -0.00401465
  -0.00586063
  -0.00814247
   -0.0107461
   -0.0134435
   -0.0159074
   -0.0177679
   -0.0187103
   -0.0185889
   -0.0175153
   -0.0158713
   -0.0142161
    -0.013097
   -0.0128251
   -0.0133072
   -0.0140173
   -0.0141283
   -0.0127435
  -0.00910521
  -0.00266908
   0.00697977
    0.0202662
     0.037637
     0.059296
    0.0846686
     0.111812
      0.13712
     0.155646
     0.162114
     0.152387
     0.124903
    0.0815089
    0.0273462
   -0.0302286
   -0.0833371
    -0.125338
    -0.152123
    -0.162627
    -0.158541
    -0.143438
    -0.121681
   -0.0974283
    -0.073967
   -0.0534224
   -0.0367988
   -0.0242226
   -0.0152606
  -0.00921399
  -0.00533721
   -0.0029687
  -0.00158688
 -0.000815719
 -0.000403469
 -0.000192122
 -8.81137e-05
  -3.8939e-05
 -1.65868e-05
 -6.81265e-06
  -2.6988e-06
 -1.03134e-06
 -3.80044e-07
 -1.34497e-07
 -4.44043e-08
 -1.06716e-08
  5.47942e-09
  2.08177e-08
   4.6545e-08
  9.68863e-08
  1.96509e-07
  3.90781e-07
  7.62588e-07
  1.46047e-06
  2.74498e-06
  5.06314e-06
  9.16478e-06
  1.62792e-05
  2.83751e-05
  4.85313e-05
   8.1446e-05
  0.000134111
  0.000216662
  0.000343406
  0.000533969
  0.000814483
   0.00121865
   0.00178844
   0.00257416
   0.00363353
   0.00502934
   0.00682555
   0.00908152
    0.0118445
     0.015141
    0.0189669
    0.0232795
      0.02799
    0.0329607
    0.0380073
    0.0429072
    0.0474151
    0.0512853
    0.0542989
    0.0562942
    0.0571962
    0.0570421
    0.0559964
    0.0543543
    0.0525271
    0.0510099
      0.05033
    0.0509807
    0.0533458
    0.0576246
    0.0637713
    0.0714629
    0.0801079
    0.0889061
    0.0969583
     0.103416
     0.107645
     0.109377
     0.108797
     0.106558
     0.103682
     0.101371
     0.100754
     0.102625
     0.107238
     0.114212
     0.122585
     0.131007
     0.138039
      0.14248
     0.143641
     0.141505
     0.136711
     0.130394
     0.123898
     0.118465
     0.114947
     0.113638
     0.114242
     0.115971
     0.117756
     0.118489
     0.117248
     0.113466
     0.106997
     0.098099
    0.0873418
    0.0754762
    0.0632956
    0.0515187
    0.0407098
    0.0312405
    0.0232905
    0.0168747
    0.0118861
   0.00814178
   0.00542503
   0.00351716
    0.0022191
    0.0013628
  0.000814716
  0.000474174
  0.000268684
  0.000148221
  7.95992e-05
  4.16087e-05
  2.11662e-05
  1.04751e-05
  5.04147e-06
  2.35833e-06
   1.0715e-06
    4.724e-07
  2.01844e-07
  8.34389e-08
  3.32925e-08
  1.27788e-08
  4.69488e-09
  1.63809e-09
  5.35588e-10
  1.59967e-10
   4.1152e-11
  7.47028e-12
 -3.30517e-13
            0
            0
            0
            0
            0
            0
            0
            0
            0
            0
            0
            0
            0
            0
            0
            0
            0
            0
            0
            0
            0
            0
            0
            0
-3.09042e-300
-1.61332e-297
 -8.1881e-295
-4.04018e-292
-1.93809e-289
-9.03867e-287
-4.09817e-284
-1.80646e-281
-7.74145e-279
 -3.2253e-276
-1.30638e-273
-5.14426e-271
-1.96937e-268
-7.32966e-266
-2.65211e-263
-9.32929e-261
-3.19048e-258
-1.06075e-255
 -3.4286e-253
-1.07738e-250
-3.29133e-248
-9.77504e-246
-2.82236e-243
 -7.9223e-241
 -2.1619e-238
 -5.7354e-236
-1.47923e-233
-3.70895e-231
-9.04082e-229
-2.14243e-226
-4.93567e-224
-1.10542e-221
-2.40683e-219
-5.09452e-217
-1.04833e-214
-2.09717e-212
-4.07852e-210
-7.71094e-208
-1.41725e-205
-2.53234e-203
-4.39875e-201
-7.42795e-199
-1.21938e-196
  -1.946e-194
-3.01908e-192
 -4.5534e-190
-6.67612e-188
-9.51569e-186
-1.31851e-183
-1.77603e-181
-2.32563e-179
-2.96044e-177
-3.66347e-175
-4.40708e-173
-5.15383e-171
-5.85905e-169
-6.47505e-167
-6.95626e-165
-7.26481e-163
-7.37543e-161
-7.27887e-159
-6.98317e-157
-6.51258e-155
-5.90423e-153
-5.20333e-151
-4.45767e-149
-3.71228e-147
-3.00523e-145
-2.36493e-143
-1.80909e-141
-1.34525e-139
-9.72403e-138
-6.83261e-136
-4.66684e-134
-3.09852e-132
-1.99977e-130
-1.25457e-128
-7.65071e-127
 -4.5352e-125
-2.61323e-123
-1.46367e-121
-7.96882e-120
-4.21721e-118
-2.16938e-116
-1.08474e-114
-5.27217e-113
-2.49074e-111
-1.14377e-109
-5.10528e-108
-2.21497e-106
-9.34074e-105
-3.82877e-103
-1.52545e-101
-5.90739e-100
 -2.22357e-98
 -8.13503e-97
 -2.89281e-95
 -9.99839e-94
 -3.35882e-92
  -1.0967e-90
 -3.48041e-89
 -1.07353e-87
 -3.21832e-86
 -9.37734e-85
 -2.65559e-83
 -7.30916e-82
 -1.95523e-80
 -5.08336e-79
 -1.28446e-77
 -3.15431e-76
 -7.52831e-75
 -1.74622e-73
 -3.93643e-72
 -8.62396e-71
 -1.83614e-69
 -3.79925e-68
 -7.63971e-67
 -1.49293e-65
 -2.83518e-64
 -5.23236e-63
 -9.38391e-62
 -1.63544e-60
  -2.7698e-59
 -4.55844e-58
 -7.29012e-57
 -1.13292e-55
 -1.71081e-54
 -2.51037e-53
 -3.57934e-52
 -4.95895e-51
 -6.67564e-50
 -8.73183e-49
 -1.10974e-47
 -1.37035e-46
 -1.64411e-45
 -1.91651e-44
 -2.17053e-43
 -2.38828e-42
 -2.55308e-41
  -2.6515e-40
 -2.67522e-39
 -2.62215e-38
 -2.49677e-37
 -2.30947e-36
 -2.07513e-35
 -1.81122e-34
  -1.5356e-33
 -1.26459e-32
 -1.01154e-31
 -7.85881e-31
 -5.93011e-30
 -4.34597e-29
 -3.09324e-28
  -2.1381e-27
 -1.43522e-26
 -9.35541e-26
 -5.92172e-25
 -3.63962e-24
 -2.17204e-23
 -1.25853e-22
 -7.07982e-22
 -3.86655e-21
 -2.04996e-20
 -1.05502e-19
 -5.27047e-19
 -2.55553e-18
 -1.20262e-17
 -5.49241e-17
 -2.43418e-16
  -1.0468e-15
  -4.3678e-15
 -1.76812e-14
 -6.94335e-14
 -2.64481e-13
  -9.7711e-13
 -3.50079e-12
 -1.21622e-11
 -4.09662e-11
 -1.33766e-10
 -4.23363e-10
 -1.29854e-09
 -3.85922e-09
 -1.11113e-08
  -3.0986e-08
 -8.36769e-08
 -2.18768e-07
 -5.53585e-07
 -1.35546e-06
 -3.21037e-06
 -7.35256e-06
  -1.6277e-05
 -3.48156e-05
 -7.19179e-05
 -0.000143395
 -0.000275806
 -0.000511397
 -0.000913411
  -0.00157019
  -0.00259527
  -0.00411964
  -0.00627199
  -0.00914426
   -0.0127439
   -0.0169411
   -0.0214285
   -0.0257158
   -0.0291844
   -0.0312132
   -0.0313617
    -0.029562
   -0.0262412
   -0.0222829
   -0.0187747
   -0.0165571
   -0.0156961
   -0.0150901
   -0.0124461
  -0.00477913
      0.01059
    0.0347929
    0.0663635
     0.100847
     0.131376
     0.150189
     0.150703
     0.129496
    0.0875086
    0.0300379
   -0.0344951
   -0.0966137
    -0.148012
    -0.183265
    -0.200587
    -0.201544
        -0.19
    -0.170738
    -0.148217
    -0.125775
    -0.105355
    -0.087685
   -0.0726767
   -0.0598753
   -0.0487938
   -0.0390908
   -0.0306048
   -0.0233005
   -0.0171872
   -0.0122527
  -0.00842895
  -0.00559066
  -0.00357388
  -0.00220184
  -0.00130758
 -0.000748704
 -0.000413488
  -0.00022034
 -0.000113337
  -5.6295e-05
 -2.70117e-05
 -1.25249e-05
 -5.61405e-06
 -2.43312e-06
 -1.01941e-06
 -4.11761e-07
 -1.57468e-07
 -5.02106e-08
  3.17759e-09
  4.87508e-08
  1.19312e-07
  2.55773e-07
  5.27925e-07
  1.06375e-06
  2.09698e-06
  4.04549e-06
  7.63798e-06
  1.41126e-05
  2.55173e-05
   4.5149e-05
  7.81671e-05
  0.000132416
   0.00021947
  0.000355878
  0.000564529
  0.000875994
   0.00132956
   0.00197366
   0.00286514
   0.00406707
   0.00564452
   0.00765814
    0.0101556
    0.0131615
    0.0166666
    0.0206181
    0.0249137
    0.0293998
    0.0338779
    0.0381196
    0.0418898
    0.0449778
    0.0472324
    0.0485967
    0.0491365
    0.0490561
    0.0486941
    0.0484972
    0.0489681
     0.050591
     0.053744
    0.0586095
    0.0651029
    0.0728369
    0.0811416
    0.0891476
    0.0959309
     0.100699
     0.102982
     0.102784
     0.100643
    0.0975728
     0.094879
    0.0938725
    0.0955504
     0.100321
     0.107857
     0.117121
     0.126586
     0.134591
     0.139743
     0.141264
      0.13918
     0.134301
     0.128003
      0.12186
     0.117248
     0.115015
     0.115294
     0.117518
     0.120586
     0.123156
     0.123954
     0.122037
     0.116952
     0.108774
    0.0980285
    0.0855423
    0.0722681
    0.0591185
    0.0468448
    0.0359709
    0.0267792
    0.0193376
    0.0135509
   0.00921877
   0.00609106
   0.00391005
   0.00243941
   0.00147953
  0.000872597
  0.000500558
  0.000279339
  0.000151677
  8.01462e-05
  4.12164e-05
  2.06311e-05
  1.00523e-05
  4.76784e-06
  2.20135e-06
  9.89376e-07
  4.32829e-07
  1.84295e-07
  7.63657e-08
  3.07888e-08
  1.20752e-08
   4.6055e-09
  1.70753e-09
   6.1512e-10
  2.15169e-10
  7.30263e-11
  2.40221e-11
  7.64857e-12
  2.35284e-12
  6.97506e-13
  1.98554e-13
-2.59749e-289
-6.45484e-287
-1.56801e-284
-3.72342e-282
-8.64307e-280
-1.96121e-277
-4.35022e-275
-9.43253e-273
-1.99929e-270
-4.14239e-268
-8.38989e-266
-1.66108e-263
-3.21479e-261
-6.08193e-259
-1.12476e-256
 -2.0333e-254
-3.59313e-252
-6.20682e-250
-1.04807e-247
-1.72997e-245
-2.79133e-243
-4.40258e-241
-6.78777e-239
-1.02299e-236
-1.50708e-234
-2.17033e-232
-3.05519e-230
-4.20407e-228
-5.65488e-226
-7.43528e-224
-9.55633e-222
-1.20062e-219
-1.47447e-217
-1.77006e-215
-2.07709e-213
-2.38254e-211
-2.67143e-209
-2.92794e-207
-3.13687e-205
-3.28507e-203
-3.36286e-201
-3.36501e-199
-3.29137e-197
-3.14688e-195
  -2.941e-193
-2.68672e-191
-2.39916e-189
-2.09415e-187
-1.78675e-185
-1.49015e-183
-1.21479e-181
-9.68019e-180
   -7.54e-178
 -5.7407e-176
-4.27231e-174
-3.10789e-172
 -2.2099e-170
-1.53597e-168
-1.04351e-166
-6.92959e-165
-4.49802e-163
-2.85388e-161
 -1.7699e-159
 -1.0729e-157
 -6.3572e-156
-3.68188e-154
-2.08434e-152
-1.15336e-150
-6.23809e-149
-3.29786e-147
-1.70414e-145
-8.60731e-144
-4.24933e-142
-2.05051e-140
-9.67146e-139
 -4.4587e-137
-2.00914e-135
-8.84907e-134
 -3.8095e-132
-1.60295e-130
-6.59257e-129
-2.65014e-127
-1.04127e-125
-3.99884e-124
  -1.501e-122
-5.50687e-121
-1.97471e-119
-6.92106e-118
 -2.3709e-116
-7.93827e-115
 -2.5978e-113
 -8.3091e-112
-2.59758e-110
-7.93682e-109
-2.37022e-107
-6.91817e-106
-1.97358e-104
 -5.5027e-103
-1.49953e-101
-3.99381e-100
 -1.03962e-98
 -2.64493e-97
 -6.57663e-96
 -1.59823e-94
 -3.79599e-93
 -8.81157e-92
 -1.99905e-90
 -4.43238e-89
 -9.60478e-88
 -2.03411e-86
 -4.21015e-85
 -8.51634e-84
  -1.6836e-82
 -3.25276e-81
 -6.14175e-80
 -1.13333e-78
 -2.04381e-77
   -3.602e-76
 -6.20389e-75
 -1.04423e-73
 -1.71768e-72
 -2.76119e-71
 -4.33765e-70
 -6.65912e-69
  -9.9903e-68
 -1.46466e-66
 -2.09841e-65
 -2.93788e-64
 -4.01945e-63
 -5.37381e-62
 -7.02069e-61
 -8.96303e-60
 -1.11816e-58
 -1.36308e-57
 -1.62371e-56
 -1.88998e-55
 -2.14963e-54
 -2.38906e-53
 -2.59441e-52
 -2.75295e-51
 -2.85429e-50
 -2.89158e-49
 -2.86224e-48
 -2.76824e-47
 -2.61591e-46
 -2.41524e-45
 -2.17876e-44
 -1.92029e-43
 -1.65357e-42
 -1.39115e-41
 -1.14344e-40
 -9.18199e-40
 -7.20338e-39
 -5.52083e-38
 -4.13367e-37
 -3.02358e-36
 -2.16051e-35
  -1.5081e-34
 -1.02834e-33
 -6.84963e-33
  -4.4567e-32
 -2.83247e-31
 -1.75839e-30
 -1.06623e-29
 -6.31491e-29
   -3.653e-28
  -2.0639e-27
 -1.13887e-26
 -6.13749e-26
 -3.23021e-25
 -1.66027e-24
  -8.3334e-24
 -4.08458e-23
 -1.95497e-22
 -9.13661e-22
 -4.16933e-21
 -1.85766e-20
 -8.08109e-20
 -3.43208e-19
 -1.42302e-18
 -5.75979e-18
 -2.27577e-17
 -8.77709e-17
 -3.30409e-16
 -1.21396e-15
 -4.35299e-15
 -1.52324e-14
 -5.20143e-14
 -1.73307e-13
 -5.63398e-13
 -1.78685e-12
 -5.52836e-12
  -1.6684e-11
 -4.91089e-11
 -1.40971e-10
 -3.94603e-10
 -1.07697e-09
 -2.86549e-09
 -7.43179e-09
 -1.87854e-08
 -4.62713e-08
 -1.11043e-07
 -2.59587e-07
 -5.91012e-07
 -1.31019e-06
 -2.82746e-06
 -5.93835e-06
 -1.21344e-05
 -2.41165e-05
 -4.66018e-05
 -8.75211e-05
 -0.000159681
 -0.000282889
 -0.000486364
 -0.000810995
  -0.00131064
  -0.00205118
  -0.00310586
   -0.0045452
  -0.00642064
  -0.00874234
    -0.011454
    -0.014411
   -0.0173695
   -0.0199987
   -0.0219218
   -0.0227895
   -0.0223755
   -0.0206727
    -0.017955
    -0.014768
   -0.0118194
   -0.0097662
  -0.00893384
   -0.0090418
  -0.00903781
  -0.00714098
  -0.00115307
    0.0109786
    0.0304559
     0.056971
    0.0883121
     0.120417
     0.147945
     0.165294
     0.167835
     0.153052
     0.121269
    0.0757587
    0.0221674
   -0.0325826
   -0.0816475
    -0.119527
     -0.14295
    -0.151202
    -0.145898
     -0.13032
     -0.10854
   -0.0845612
   -0.0616684
   -0.0420661
   -0.0268201
   -0.0160302
  -0.00912992
  -0.00521418
  -0.00331582
  -0.00259284
  -0.00241973
  -0.00240093
  -0.00233464
  -0.00215526
  -0.00187558
  -0.00154106
  -0.00120023
 -0.000889715
 -0.000630049
 -0.000427542
 -0.000278727
 -0.000174944
 -0.000105903
 -6.19219e-05
 -3.50132e-05
 -1.91632e-05
 -1.01552e-05
 -5.20233e-06
 -2.55241e-06
 -1.14792e-06
 -3.65252e-07
  1.70977e-07
  7.17114e-07
  1.50482e-06
  2.82132e-06
  5.09451e-06
  9.00115e-06
  1.56168e-05
  2.66272e-05
  4.46243e-05
  7.35077e-05
  0.000119014
  0.000189389
  0.000296198
  0.000455262
  0.000687659
   0.00102069
   0.00148867
   0.00213335
   0.00300366
   0.00415465
   0.00564513
   0.00753408
   0.00987546
    0.0127118
    0.0160664
    0.0199358
    0.0242819
    0.0290261
    0.0340465
    0.0391785
    0.0442213
    0.0489493
    0.0531306
    0.0565496
    0.0590337
    0.0604818
     0.060891
    0.0603774
    0.0591871
    0.0576926
    0.0563695
    0.0557522
    0.0563668
    0.0586469
    0.0628413
    0.0689307
    0.0765728
    0.0850979
    0.0935738
     0.100942
     0.106217
     0.108708
     0.108224
     0.105192
     0.100641
    0.0960399
    0.0929893
    0.0928454
    0.0963583
     0.103434
     0.113098
     0.123686
     0.133235
     0.139964
     0.142721
     0.141271
     0.136336
     0.129385
     0.122233
     0.116561
     0.113503
     0.113389
     0.115715
     0.119321
      0.12271
     0.124412
     0.123301
     0.118795
     0.110907
      0.10017
    0.0874682
    0.0738379
    0.0602763
    0.0476049
     0.036394
    0.0269481
     0.019337
    0.0134537
   0.00908038
   0.00594808
   0.00378307
   0.00233709
   0.00140289
  0.000818514
  0.000464315
  0.000256152
  0.000137463
  7.17745e-05
  3.64704e-05
  1.80373e-05
  8.68436e-06
  4.07099e-06
  1.85831e-06
  8.26119e-07
  3.57702e-07
  1.50867e-07
   6.1987e-08
  2.48125e-08
  9.67684e-09
  3.67716e-09
  1.36153e-09
  4.91237e-10
  1.72711e-10
   5.9172e-11
