The signal's values:
 2.34545e-99
 4.62332e-98
 8.93876e-97
  1.6951e-95
 3.15287e-94
 5.75188e-93
 1.02921e-91
 1.80629e-90
 3.10927e-89
 5.24948e-88
 8.69279e-87
 1.41184e-85
 2.24903e-84
 3.51386e-83
  5.3846e-82
 8.09281e-81
 1.19295e-79
 1.72472e-78
 2.44562e-77
 3.40117e-76
 4.63914e-75
 6.20604e-74
 8.14249e-73
 1.04776e-71
  1.3223e-70
 1.63666e-69
 1.98675e-68
 2.36529e-67
 2.76171e-66
 3.16245e-65
 3.55155e-64
 3.91165e-63
 4.22518e-62
 4.47583e-61
 4.64988e-60
 4.73747e-59
 4.73353e-58
 4.63828e-57
 4.45715e-56
 4.20033e-55
  3.8818e-54
 3.51807e-53
 3.12674e-52
 2.72518e-51
 2.32921e-50
 1.95223e-49
 1.60456e-48
 1.29325e-47
 1.02213e-46
 7.92185e-46
 6.02053e-45
 4.48673e-44
 3.27873e-43
 2.34942e-42
 1.65078e-41
 1.13733e-40
 7.68332e-40
 5.08946e-39
 3.30559e-38
 2.10512e-37
 1.31447e-36
 8.04753e-36
  4.8307e-35
 2.84305e-34
 1.64053e-33
 9.28108e-33
 5.14783e-32
 2.79932e-31
 1.49238e-30
 7.80002e-30
 3.99664e-29
 2.00756e-28
 9.88578e-28
 4.77213e-27
 2.25821e-26
 1.04751e-25
 4.76306e-25
 2.12293e-24
 9.27473e-24
 3.97163e-23
 1.66698e-22
 6.85761e-22
 2.76493e-21
 1.09258e-20
 4.23126e-20
 1.60589e-19
 5.97285e-19
 2.17696e-18
 7.77509e-18
 2.72103e-17
 9.33075e-17
   3.135e-16
 1.03199e-15
 3.32826e-15
 1.05156e-14
 3.25471e-14
 9.86786e-14
 2.93052e-13
 8.52414e-13
 2.42837e-12
   6.775e-12
 1.85099e-11
 4.95181e-11
 1.29705e-10
  3.3262e-10
 8.35022e-10
 2.05193e-09
 4.93516e-09
 1.16162e-08
 2.67549e-08
 6.02923e-08
 1.32918e-07
 2.86618e-07
 6.04443e-07
 1.24642e-06
 2.51279e-06
 4.95153e-06
 9.53509e-06
 1.79395e-05
 3.29677e-05
 5.91614e-05
 0.000103641
 0.000177185
  0.00029551
 0.000480619
 0.000761967
  0.00117703
  0.00177072
  0.00259307
  0.00369465
  0.00511949
  0.00689612
   0.0090283
   0.0114881
   0.0142154
   0.0171281
   0.0201469
   0.0232357
   0.0264551
    0.030019
   0.0343393
   0.0400385
   0.0479084
   0.0588012
   0.0734489
   0.0922298
     0.11492
    0.140489
    0.167002
    0.191693
    0.211226
    0.222149
    0.221465
    0.207216
    0.178962
    0.138022
   0.0873997
   0.0313917
  -0.0250775
  -0.0772484
   -0.121289
    -0.15486
   -0.177372
   -0.189887
   -0.194702
   -0.194739
   -0.192874
    -0.19137
   -0.191514
    -0.19352
   -0.196668
   -0.199634
   -0.200886
   -0.199074
   -0.193306
   -0.183301
   -0.169386
   -0.152381
   -0.133415
   -0.113723
  -0.0944629
  -0.0765841
  -0.0607559
  -0.0473531
  -0.0364851
  -0.0280515
  -0.0218085
  -0.0174322
  -0.0145708
  -0.0128828
  -0.0120604
  -0.0118408
  -0.0120087
  -0.0123937
  -0.0128644
  -0.0133222
  -0.0136956
   -0.013935
  -0.0140095
  -0.0139034
  -0.0136144
  -0.0131514
  -0.0125332
  -0.0117871
  -0.0109473
  -0.0100549
 -0.00915731
 -0.00830907
 -0.00757325
 -0.00702312
 -0.00674366
 -0.00683177
  -0.0073937
 -0.00853833
  -0.0103647
  -0.0129441
  -0.0162966
  -0.0203675
  -0.0250068
  -0.0299612
  -0.0348844
  -0.0393714
  -0.0430178
  -0.0454951
  -0.0466299
  -0.0464658
   -0.045287
  -0.0435883
  -0.0419881
   -0.041097
  -0.0413707
  -0.0429857
  -0.0457753
  -0.0492515
  -0.0527144
  -0.0554256
  -0.0567996
  -0.0565619
  -0.0548249
  -0.0520612
  -0.0489792
  -0.0463369
  -0.0447469
  -0.0445248
  -0.0456195
  -0.0476395
  -0.0499601
  -0.0518767
  -0.0527622
  -0.0521898
  -0.0499976
   -0.046288
  -0.0413753
  -0.0357011
  -0.0297426
  -0.0239335
  -0.0186109
  -0.0139919
  -0.0101748
 -0.00715956
  -0.0048764
 -0.00321564
 -0.00205332
 -0.00126965
-0.000760198
-0.000440652
-0.000247194
-0.000134126
 -7.0336e-05
-3.56071e-05
-1.73737e-05
-8.15187e-06
-3.66594e-06
-1.57217e-06
-6.37882e-07
-2.41529e-07
 -8.3126e-08
-2.44484e-08
-4.95219e-09
 3.91419e-10
 1.22775e-09
  9.3999e-10
 5.50874e-10
  2.8332e-10
 1.33937e-10
 5.94582e-11
 2.50774e-11
 1.01203e-11
 3.92607e-12
 1.46882e-12
  5.3117e-13
 1.85995e-13
 6.31464e-14
 2.08079e-14
 6.66048e-15
 2.07241e-15
 6.27167e-16
 1.84687e-16
 5.29427e-17
  1.4779e-17
 4.01865e-18
-1.86278e-107
-4.59866e-106
-1.11213e-104
-2.63472e-103
-6.11452e-102
-1.39008e-100
 -3.09577e-99
 -6.75371e-98
 -1.44332e-96
 -3.02151e-95
 -6.19625e-94
 -1.24473e-92
 -2.44939e-91
 -4.72149e-90
 -8.91529e-89
 -1.64902e-87
 -2.98776e-86
  -5.3027e-85
 -9.21882e-84
 -1.56993e-82
 -2.61883e-81
 -4.27915e-80
 -6.84899e-79
 -1.07378e-77
 -1.64898e-76
 -2.48045e-75
 -3.65474e-74
  -5.2746e-73
 -7.45641e-72
 -1.03246e-70
 -1.40029e-69
  -1.8602e-68
 -2.42046e-67
 -3.08481e-66
 -3.85079e-65
 -4.70824e-64
 -5.63835e-63
 -6.61342e-62
 -7.59764e-61
 -8.54882e-60
 -9.42119e-59
 -1.01689e-57
   -1.075e-56
 -1.11302e-55
 -1.12864e-54
 -1.12088e-53
 -1.09023e-52
 -1.03854e-51
 -9.68876e-51
 -8.85223e-50
 -7.92085e-49
 -6.94097e-48
 -5.95654e-47
 -5.00597e-46
 -4.12001e-45
 -3.32062e-44
 -2.62087e-43
 -2.02569e-42
 -1.53319e-41
 -1.13634e-40
 -8.24711e-40
 -5.86105e-39
 -4.07868e-38
 -2.77927e-37
 -1.85438e-36
 -1.21149e-35
 -7.74973e-35
  -4.8539e-34
 -2.97663e-33
 -1.78723e-32
 -1.05064e-31
 -6.04686e-31
 -3.40726e-30
 -1.87961e-29
  -1.0151e-28
 -5.36689e-28
 -2.77776e-27
 -1.40739e-26
  -6.9803e-26
 -3.38891e-25
  -1.6105e-24
 -7.49143e-24
 -3.41082e-23
 -1.51995e-22
 -6.62925e-22
 -2.82974e-21
 -1.18212e-20
 -4.83277e-20
 -1.93344e-19
 -7.56917e-19
 -2.89956e-18
 -1.08683e-17
 -3.98581e-17
 -1.43014e-16
  -5.0202e-16
 -1.72395e-15
 -5.79112e-15
 -1.90288e-14
 -6.11562e-14
 -1.92231e-13
 -5.90919e-13
 -1.77633e-12
 -5.22124e-12
 -1.50053e-11
 -4.21594e-11
 -1.15793e-10
 -3.10862e-10
 -8.15643e-10
 -2.09136e-09
 -5.23966e-09
 -1.28251e-08
 -3.06651e-08
 -7.16113e-08
 -1.63306e-07
 -3.63603e-07
 -7.90263e-07
 -1.67626e-06
 -3.46924e-06
 -7.00388e-06
  -1.3789e-05
 -2.64656e-05
 -4.95033e-05
 -9.02033e-05
 -0.000160052
 -0.000276398
 -0.000464313
  -0.00075825
  -0.00120289
   -0.0018522
  -0.00276545
  -0.00399901
  -0.00559273
  -0.00755124
  -0.00982125
    -0.012269
   -0.0146636
   -0.0166741
   -0.0178873
    -0.017852
   -0.0161472
   -0.0124646
  -0.00668597
   0.00107071
     0.010462
    0.0210017
    0.0322104
    0.0437983
    0.0558244
    0.0687593
    0.0833921
     0.100555
     0.120704
     0.143453
     0.167207
     0.189065
     0.205082
     0.210927
      0.20281
     0.178483
     0.138023
    0.0841549
    0.0219691
    -0.041944
    -0.100761
    -0.148781
    -0.182515
    -0.201258
    -0.206988
    -0.203663
    -0.196133
    -0.188951
    -0.185402
    -0.186943
    -0.193156
    -0.202131
    -0.211141
    -0.217392
    -0.218662
    -0.213704
    -0.202375
    -0.185513
    -0.164644
    -0.141622
    -0.118293
   -0.0962268
   -0.0765751
   -0.0600208
   -0.0468174
   -0.0368762
   -0.0298739
   -0.0253558
   -0.0228193
   -0.0217737
   -0.0217757
   -0.0224462
   -0.0234737
   -0.0246104
   -0.0256657
   -0.0264982
   -0.0270098
   -0.0271399
   -0.0268619
   -0.0261787
   -0.0251197
   -0.0237368
   -0.0221009
   -0.0202984
   -0.0184286
   -0.0166015
   -0.0149376
   -0.0135676
   -0.0126327
   -0.0122838
   -0.0126771
   -0.0139654
   -0.0162815
    -0.019715
   -0.0242825
   -0.0298959
   -0.0363343
   -0.0432307
   -0.0500809
   -0.0562846
   -0.0612197
   -0.0643442
   -0.0653114
   -0.0640726
   -0.0609403
   -0.0565842
   -0.0519475
   -0.0480864
    -0.045958
   -0.0462039
   -0.0489803
   -0.0538875
   -0.0600251
   -0.0661725
   -0.0710582
   -0.0736526
   -0.0734133
   -0.0704159
   -0.0653378
   -0.0592963
   -0.0535854
   -0.0493777
   -0.0474669
   -0.0481106
   -0.0510042
   -0.0553809
   -0.0602027
   -0.0643885
    -0.067024
   -0.0675109
   -0.0656324
   -0.0615357
   -0.0556517
   -0.0485786
    -0.040962
   -0.0333933
   -0.0263413
   -0.0201208
   -0.0148927
   -0.0106877
   -0.0074403
  -0.00502666
  -0.00329684
  -0.00209971
  -0.00129881
 -0.000780377
 -0.000455451
 -0.000258184
 -0.000142133
 -7.59643e-05
 -3.93991e-05
  -1.9818e-05
 -9.65953e-06
 -4.55692e-06
 -2.07732e-06
 -9.13008e-07
 -3.85632e-07
 -1.55774e-07
 -5.97226e-08
 -2.14534e-08
 -7.04599e-09
  -2.0011e-09
 -4.09249e-10
  8.86667e-12
  7.44209e-11
   5.6928e-11
  3.24366e-11
  1.61236e-11
  7.35703e-12
  3.15303e-12
    1.285e-12
  5.01711e-13
  1.88571e-13
  6.84548e-14
  2.40589e-14
  8.20084e-15
   2.7148e-15
  8.73727e-16
  2.73614e-16
  8.34308e-17
  2.47847e-17
  7.17662e-18
-2.42727e-117
-7.90547e-116
-2.51808e-114
-7.84408e-113
-2.38971e-111
-7.11993e-110
 -2.0746e-108
-5.91176e-107
 -1.6475e-105
-4.49008e-104
-1.19675e-102
-3.11942e-101
 -7.9517e-100
 -1.98227e-98
 -4.83258e-97
 -1.15215e-95
 -2.68625e-94
 -6.12482e-93
 -1.36567e-91
 -2.97787e-90
  -6.3499e-89
 -1.32413e-87
 -2.70016e-86
 -5.38451e-85
 -1.05002e-83
 -2.00236e-82
   -3.734e-81
 -6.80918e-80
 -1.21423e-78
 -2.11733e-77
 -3.61042e-76
 -6.02011e-75
  -9.8158e-74
 -1.56502e-72
 -2.43996e-71
 -3.71974e-70
 -5.54507e-69
 -8.08281e-68
 -1.15206e-66
 -1.60562e-65
 -2.18808e-64
 -2.91562e-63
 -3.79878e-62
 -4.83947e-61
 -6.02824e-60
 -7.34206e-59
  -8.7433e-58
 -1.01803e-56
 -1.15896e-55
 -1.29001e-54
 -1.40389e-53
 -1.49377e-52
 -1.55396e-51
 -1.58052e-50
 -1.57164e-49
 -1.52792e-48
 -1.45222e-47
 -1.34942e-46
 -1.22586e-45
 -1.08868e-44
 -9.45212e-44
 -8.02261e-43
 -6.65665e-42
 -5.39937e-41
 -4.28126e-40
 -3.31844e-39
 -2.51434e-38
 -1.86223e-37
  -1.3482e-36
 -9.54077e-36
 -6.59946e-35
 -4.46193e-34
 -2.94861e-33
 -1.90452e-32
  -1.2023e-31
 -7.41818e-31
 -4.47326e-30
 -2.63624e-29
 -1.51833e-28
 -8.54597e-28
 -4.70063e-27
 -2.52661e-26
 -1.32708e-25
  -6.8111e-25
 -3.41576e-24
 -1.67375e-23
 -8.01339e-23
  -3.7484e-22
 -1.71302e-21
 -7.64806e-21
 -3.33574e-20
 -1.42125e-19
 -5.91507e-19
 -2.40462e-18
  -9.5478e-18
 -3.70264e-17
 -1.40231e-16
 -5.18653e-16
  -1.8732e-15
 -6.60593e-15
 -2.27457e-14
 -7.64624e-14
 -2.50925e-13
 -8.03811e-13
 -2.51326e-12
 -7.66929e-12
 -2.28382e-11
 -6.63608e-11
 -1.88128e-10
 -5.20278e-10
 -1.40345e-09
 -3.69213e-09
 -9.47128e-09
 -2.36874e-08
 -5.77461e-08
 -1.37195e-07
 -3.17592e-07
 -7.16163e-07
 -1.57271e-06
 -3.36243e-06
 -6.99655e-06
 -1.41639e-05
 -2.78847e-05
 -5.33627e-05
 -9.92117e-05
 -0.000179093
  -0.00031367
  -0.00053258
 -0.000875757
  -0.00139299
   -0.0021401
  -0.00316983
   -0.0045156
  -0.00616713
  -0.00803919
  -0.00993768
   -0.0115314
   -0.0123413
   -0.0117617
  -0.00912347
  -0.00380296
   0.00463411
    0.0162833
    0.0307898
    0.0473256
    0.0646943
    0.0815729
    0.0968528
      0.10999
     0.121245
      0.13168
     0.142862
     0.156269
     0.172552
     0.190885
      0.20864
     0.221606
     0.224785
     0.213629
     0.185384
      0.14014
    0.0812319
    0.0147815
   -0.0515228
    -0.110113
    -0.155217
    -0.184055
    -0.197232
    -0.198259
    -0.192382
    -0.185095
     -0.18077
    -0.181749
    -0.188083
    -0.197891
    -0.208136
     -0.21557
    -0.217558
    -0.212611
    -0.200556
    -0.182381
    -0.159867
    -0.135138
    -0.110244
    -0.086872
    -0.066181
    -0.048786
   -0.0348276
   -0.0240969
   -0.0161718
   -0.0105374
  -0.00667698
  -0.00412875
  -0.00251429
  -0.00154511
  -0.00101625
 -0.000793402
 -0.000798486
 -0.000996221
  -0.00138278
  -0.00197633
  -0.00280891
  -0.00391861
  -0.00534165
  -0.00710401
  -0.00921282
   -0.0116485
   -0.0143585
   -0.0172547
   -0.0202146
   -0.0230879
   -0.0257089
   -0.0279122
    -0.029552
   -0.0305232
   -0.0307814
    -0.030362
   -0.0293986
   -0.0281368
   -0.0269429
   -0.0262956
   -0.0267465
   -0.0288334
   -0.0329354
   -0.0390856
   -0.0467947
   -0.0549747
   -0.0620654
   -0.0664177
   -0.0668778
   -0.0633745
   -0.0572182
   -0.0508593
   -0.0470619
   -0.0477579
   -0.0530934
   -0.0611873
    -0.068829
   -0.0728679
   -0.0716467
   -0.0657656
   -0.0577836
   -0.0510158
   -0.0480377
   -0.0496232
   -0.0545646
   -0.0603518
   -0.0642887
   -0.0645001
    -0.060439
   -0.0528093
   -0.0430798
   -0.0328827
   -0.0235413
   -0.0158433
   -0.0100437
  -0.00600825
  -0.00339683
  -0.00181739
  -0.00092124
 -0.000442873
  -0.00020209
  -8.7599e-05
 -3.60938e-05
 -1.41449e-05
 -5.27506e-06
 -1.87291e-06
 -6.33355e-07
  -2.0407e-07
   -6.267e-08
 -1.83492e-08
 -5.12357e-09
 -1.36468e-09
 -3.46811e-10
 -8.41099e-11
 -1.94704e-11
 -4.30281e-12
 -9.07923e-13
 -1.82948e-13
 -3.52087e-14
 -6.47245e-15
 -1.13667e-15
  -1.9072e-16
 -3.05772e-17
 -4.68467e-18
 -6.85929e-19
 -9.59917e-20
 -1.28403e-20
 -1.64187e-21
 -2.00702e-22
 -2.34553e-23
  -2.6208e-24
 -2.79999e-25
 -2.86042e-26
 -2.79433e-27
 -2.61048e-28
 -2.33227e-29
 -1.99283e-30
 -1.62859e-31
 -1.27299e-32
 -9.51742e-34
 -6.80636e-35
 -4.65613e-36
 -3.04694e-37
 -1.90741e-38
  -1.1423e-39
