The signal's values:
-3.61763e-22
-8.95358e-22
 -2.1979e-21
-5.35122e-21
 -1.2922e-20
-3.09482e-20
-7.35133e-20
-1.73188e-19
-4.04658e-19
-9.37718e-19
 -2.1551e-18
-4.91211e-18
-1.11038e-17
-2.48928e-17
 -5.5344e-17
-1.22027e-16
-2.66826e-16
-5.78604e-16
-1.24426e-15
-2.65345e-15
-5.61147e-15
 -1.1768e-14
-2.44729e-14
-5.04683e-14
-1.03204e-13
-2.09272e-13
-4.20784e-13
-8.38945e-13
-1.65854e-12
-3.25113e-12
-6.31897e-12
-1.21775e-11
-2.32681e-11
-4.40806e-11
-8.27961e-11
-1.54184e-10
-2.84661e-10
-5.21035e-10
-9.45468e-10
-1.70082e-09
-3.03312e-09
-5.36209e-09
-9.39675e-09
-1.63234e-08
-2.81075e-08
-4.79731e-08
-8.11572e-08
-1.36081e-07
-2.26147e-07
-3.72476e-07
-6.07999e-07
-9.83532e-07
-1.57666e-06
 -2.5046e-06
-3.94246e-06
-6.14906e-06
-9.50259e-06
-1.45495e-05
  -2.207e-05
-3.31653e-05
-4.93708e-05
-7.28007e-05
-0.000106329
-0.000153814
 -0.00022036
-0.000312633
-0.000439207
-0.000610944
-0.000841387
 -0.00114713
 -0.00154815
 -0.00206801
 -0.00273393
 -0.00357658
  -0.0046296
 -0.00592871
 -0.00751037
 -0.00940993
  -0.0116593
   -0.014284
  -0.0173002
  -0.0207109
  -0.0245031
   -0.028644
  -0.0330796
  -0.0377326
  -0.0425036
  -0.0472727
  -0.0519044
  -0.0562542
  -0.0601772
  -0.0635387
  -0.0662254
  -0.0681574
  -0.0692976
  -0.0696608
  -0.0693171
  -0.0683923
  -0.0670619
  -0.0655396
  -0.0640615
   -0.062865
  -0.0621659
  -0.0621359
  -0.0628814
  -0.0644286
   -0.066715
  -0.0695909
  -0.0728303
  -0.0761513
  -0.0792447
  -0.0818075
  -0.0835786
  -0.0843718
  -0.0841015
  -0.0827998
  -0.0806196
  -0.0778243
  -0.0747645
  -0.0718431
  -0.0694732
   -0.068034
  -0.0678283
  -0.0690498
  -0.0717619
  -0.0758934
  -0.0812515
  -0.0875511
  -0.0944578
   -0.101637
   -0.108801
   -0.115751
   -0.122394
   -0.128737
   -0.134859
   -0.140862
   -0.146803
   -0.152649
   -0.158238
   -0.163291
   -0.167457
   -0.170393
   -0.171852
   -0.171767
   -0.170282
   -0.167731
   -0.164566
   -0.161238
   -0.158086
   -0.155242
   -0.152614
   -0.149919
   -0.146778
   -0.142835
   -0.137858
   -0.131798
   -0.124791
   -0.117109
   -0.109074
    -0.10098
  -0.0930257
     -0.0853
  -0.0777926
  -0.0704383
  -0.0631679
  -0.0559505
  -0.0488163
  -0.0418564
  -0.0352044
  -0.0290082
  -0.0234005
  -0.0184769
  -0.0142842
  -0.0108196
 -0.00803817
 -0.00586543
  -0.0042107
 -0.00297934
 -0.00208184
 -0.00143943
-0.000986631
-0.000671511
-0.000454421
-0.000306035
-0.000205217
-0.000137038
-9.11105e-05
-6.02845e-05
-3.96743e-05
-2.59544e-05
-1.68675e-05
-1.08841e-05
-6.97015e-06
 -4.4283e-06
           0
           0
           0
           0
1.77782e-306
 2.9197e-304
4.70672e-302
7.44781e-300
1.15683e-297
1.76377e-295
2.63963e-293
 3.8777e-291
5.59161e-289
7.91459e-287
1.09964e-284
1.49969e-282
2.00764e-280
2.63814e-278
3.40282e-276
4.30835e-274
5.35442e-272
6.53197e-270
7.82178e-268
9.19383e-266
1.06076e-263
1.20134e-261
1.33551e-259
1.45732e-257
1.56097e-255
1.64121e-253
1.69379e-251
1.71588e-249
1.70625e-247
1.66544e-245
1.59567e-243
1.50068e-241
1.38535e-239
1.25534e-237
1.11659e-235
9.74881e-234
8.35488e-232
7.02842e-230
5.80368e-228
4.70412e-226
3.74267e-224
 2.9229e-222
2.24065e-220
1.68602e-218
1.24532e-216
9.02872e-215
 6.4254e-213
4.48852e-211
3.07775e-209
2.07153e-207
1.36861e-205
 8.8755e-204
5.64983e-202
3.53025e-200
2.16523e-198
1.30356e-196
7.70342e-195
4.46853e-193
2.54433e-191
1.42203e-189
 7.8014e-188
 4.2011e-186
2.22065e-184
 1.1522e-182
5.86811e-181
2.93358e-179
1.43954e-177
6.93388e-176
3.27835e-174
1.52147e-172
6.93098e-171
3.09923e-169
1.36032e-167
5.86074e-166
2.47851e-164
1.02886e-162
4.19224e-161
1.67673e-159
6.58271e-158
2.53672e-156
9.59549e-155
3.56276e-153
1.29847e-151
4.64517e-150
1.63116e-148
5.62236e-147
1.90224e-145
6.31737e-144
2.05936e-142
 6.5895e-141
2.06966e-139
 6.3807e-138
1.93091e-136
5.73563e-135
1.67234e-133
4.78621e-132
1.34457e-130
3.70764e-129
1.00354e-127
2.66623e-126
6.95319e-125
1.77989e-123
4.47224e-122
1.10301e-120
2.67029e-119
6.34542e-118
1.48008e-116
3.38868e-115
7.61551e-114
1.67992e-112
 3.6375e-111
7.73104e-110
1.61285e-108
3.30273e-107
6.63854e-106
1.30976e-104
 2.5365e-103
4.82168e-102
8.99668e-101
 1.64773e-99
 2.96218e-98
 5.22705e-97
 9.05361e-96
 1.53924e-94
 2.56869e-93
 4.20761e-92
 6.76518e-91
 1.06768e-89
 1.65395e-88
 2.51491e-87
 3.75354e-86
 5.49893e-85
 7.90739e-84
 1.11611e-82
 1.54631e-81
 2.10282e-80
  2.8069e-79
 3.67763e-78
 4.72961e-77
 5.97035e-76
 7.39758e-75
 8.99696e-74
 1.07403e-72
  1.2585e-71
 1.44746e-70
 1.63407e-69
 1.81072e-68
 1.96946e-67
 2.10259e-66
 2.20332e-65
 2.26627e-64
 2.28802e-63
 2.26735e-62
 2.20542e-61
  2.1056e-60
  1.9732e-59
   1.815e-58
 1.63868e-57
 1.45219e-56
 1.26316e-55
 1.07847e-54
 9.03779e-54
 7.43407e-53
 6.00205e-52
 4.75642e-51
 3.69971e-50
 2.82463e-49
 2.11672e-48
 1.55693e-47
 1.12404e-46
 7.96526e-46
 5.54015e-45
 3.78222e-44
  2.5344e-43
 1.66689e-42
 1.07607e-41
 6.81829e-41
 4.24045e-40
  2.5885e-39
  1.5509e-38
  9.1205e-38
 5.26443e-37
 2.98251e-36
 1.65848e-35
 9.05178e-35
 4.84901e-34
 2.54957e-33
 1.31575e-32
  6.6646e-32
 3.31334e-31
 1.61678e-30
 7.74326e-30
 3.63988e-29
 1.67934e-28
 7.60461e-28
 3.37989e-27
 1.47439e-26
 6.31258e-26
 2.65268e-25
 1.09407e-24
 4.42877e-24
 1.75955e-23
 6.86119e-23
 2.62587e-22
  9.8633e-22
 3.63618e-21
 1.31565e-20
 4.67203e-20
 1.62832e-19
 5.56985e-19
 1.86987e-18
  6.1609e-18
 1.99222e-17
 6.32255e-17
 1.96927e-16
 6.01967e-16
  1.8059e-15
 5.31701e-15
 1.53635e-14
 4.35671e-14
 1.21247e-13
  3.3115e-13
 8.87601e-13
 2.33478e-12
 6.02705e-12
 1.52684e-11
 3.79584e-11
  9.2607e-11
 2.21717e-10
 5.20915e-10
 1.20101e-09
 2.71725e-09
 6.03274e-09
 1.31431e-08
 2.80976e-08
 5.89423e-08
 1.21329e-07
 2.45062e-07
 4.85686e-07
 9.44484e-07
 1.80214e-06
 3.37385e-06
 6.19729e-06
 1.11688e-05
 1.97483e-05
  3.4258e-05
 5.83033e-05
 9.73445e-05
 0.000159443
 0.000256188
 0.000403794
 0.000624299
 0.000946762
  0.00140827
   0.0020545
  0.00293957
   0.0041247
  0.00567553
  0.00765771
   0.0101307
   0.0131398
   0.0167075
   0.0208241
   0.0254391
   0.0304557
   0.0357275
   0.0410617
   0.0462265
   0.0509655
   0.0550159
   0.0581306
   0.0601014
   0.0607797
   0.0600932
   0.0580551
   0.0547652
   0.0504017
   0.0452056
   0.0394579
   0.0334552
    0.027484
   0.0217981
   0.0166018
   0.0120392
  0.00819095
  0.00507694
  0.00266462
 0.000880028
-0.000379807
 -0.00123462
 -0.00180988
 -0.00222708
 -0.00259476
 -0.00299948
 -0.00349591
 -0.00409635
 -0.00476151
 -0.00539683
 -0.00586013
 -0.00598702
  -0.0056377
 -0.00476204
 -0.00346966
 -0.00207937
 -0.00111366
 -0.00120425
 -0.00289033
 -0.00632389
  -0.0109416
  -0.0152075
  -0.0165546
  -0.0116385
  0.00304946
   0.0302737
   0.0710363
    0.123737
    0.183817
    0.244115
    0.295986
    0.330996
    0.342804
    0.328727
    0.290535
    0.234209
     0.16868
     0.10389
   0.0486769
   0.0090439
  -0.0127697
  -0.0182449
  -0.0116874
  0.00118756
   0.0147563
   0.0246867
   0.0285957
   0.0261134
   0.0184675
  0.00780329
 -0.00352984
  -0.0135465
  -0.0209524
  -0.0252232
  -0.0264937
  -0.0253403
  -0.0225423
  -0.0188809
  -0.0150071
  -0.0113803
 -0.00826587
  -0.0057673
 -0.00387428
 -0.00251031
 -0.00157115
-0.000951005
-0.000557269
-0.000316398
-0.000174185
-9.30395e-05
-4.82443e-05
-2.42972e-05
-1.18901e-05
-5.65589e-06
-2.61606e-06
-1.17696e-06
-5.15181e-07
-2.19459e-07
-9.09999e-08
-3.67378e-08
-1.44428e-08
 -5.5301e-09
-2.06266e-09
-7.49549e-10
-2.65405e-10
-9.15811e-11
-3.07964e-11
-1.00824e-11
-3.17602e-12
-8.33816e-13
 2.59485e-13
 1.72227e-12
 5.64234e-12
 1.72643e-11
 5.12741e-11
 1.48312e-10
 4.17916e-10
 1.14714e-09
 3.06706e-09
 7.98671e-09
 2.02541e-08
 5.00165e-08
  1.2026e-07
 2.81505e-07
 6.41438e-07
 1.42255e-06
 3.07019e-06
  6.4473e-06
 1.31715e-05
 2.61731e-05
 5.05774e-05
 9.50273e-05
 0.000173553
 0.000308035
 0.000531176
 0.000889655
  0.00144682
  0.00228389
  0.00349821
  0.00519713
  0.00748605
   0.0104505
    0.014133
   0.0185085
   0.0234639
   0.0287884
   0.0341819
   0.0392873
   0.0437443
   0.0472593
   0.0496759
   0.0510272
   0.0515517
   0.0516598
   0.0518512
    0.052599
   0.0542281
   0.0568215
   0.0601857
   0.0638879
   0.0673602
   0.0700418
     0.07152
   0.0716276
   0.0704706
   0.0683787
   0.0657974
   0.0631566
   0.0607556
   0.0586966
   0.0568801
   0.0550585
   0.0529245
   0.0502064
   0.0467424
   0.0425185
   0.0376649
   0.0324203
   0.0270769
   0.0219239
   0.0172027
    0.013079
   0.0096355
  0.00687958
  0.00476146
  0.00319538
  0.00207986
  0.00131339
 0.000804871
  0.00047879
  0.00027654
  0.00015512
 8.45218e-05
 4.47452e-05
 2.30187e-05
 1.15092e-05
 5.59371e-06
 2.64306e-06
 1.21428e-06
 5.42469e-07
 2.35678e-07
 9.95826e-08
-2.35248e-173
-1.71739e-171
-1.22533e-169
-8.54431e-168
-5.82293e-166
-3.87833e-164
-2.52457e-162
-1.60608e-160
-9.98576e-159
-6.06781e-157
-3.60344e-155
-2.09139e-153
-1.18628e-151
-6.57614e-150
-3.56275e-148
-1.88638e-146
-9.76115e-145
 -4.9363e-143
-2.43965e-141
-1.17837e-139
-5.56233e-138
  -2.566e-136
-1.15686e-134
 -5.0971e-133
-2.19476e-131
-9.23567e-130
-3.79811e-128
-1.52645e-126
-5.99535e-125
-2.30123e-123
 -8.6321e-122
-3.16435e-120
-1.13361e-118
 -3.9687e-117
-1.35782e-115
-4.53984e-114
-1.48335e-112
-4.73639e-111
-1.47793e-109
-4.50671e-108
-1.34296e-106
-3.91077e-105
 -1.1129e-103
-3.09487e-102
-8.41047e-101
 -2.23351e-99
 -5.79618e-98
 -1.46988e-96
 -3.64255e-95
 -8.82087e-94
 -2.08736e-92
 -4.82681e-91
 -1.09069e-89
 -2.40831e-88
 -5.19633e-87
  -1.0956e-85
 -2.25721e-84
 -4.54419e-83
 -8.93933e-82
 -1.71835e-80
 -3.22759e-79
 -5.92377e-78
 -1.06236e-76
 -1.86163e-75
 -3.18758e-74
 -5.33304e-73
 -8.71825e-72
 -1.39259e-70
 -2.17345e-69
 -3.31445e-68
 -4.93856e-67
 -7.18978e-66
 -1.02271e-64
 -1.42138e-63
 -1.93011e-62
 -2.56074e-61
 -3.31939e-60
 -4.20392e-59
 -5.20177e-58
 -6.28846e-57
 -7.42728e-56
 -8.57044e-55
 -9.66184e-54
 -1.06413e-52
   -1.145e-51
 -1.20361e-50
 -1.23603e-49
 -1.24003e-48
 -1.21532e-47
 -1.16358e-46
 -1.08829e-45
 -9.94334e-45
 -8.87464e-44
 -7.73738e-43
 -6.58956e-42
  -5.4819e-41
 -4.45462e-40
 -3.53581e-39
 -2.74131e-38
 -2.07593e-37
 -1.53547e-36
 -1.10927e-35
 -7.82698e-35
 -5.39388e-34
 -3.63036e-33
 -2.38633e-32
 -1.53191e-31
 -9.60396e-31
 -5.87988e-30
 -3.51542e-29
 -2.05242e-28
  -1.1701e-27
 -6.51384e-27
 -3.54073e-26
 -1.87922e-25
 -9.73823e-25
   -4.927e-24
 -2.43372e-23
 -1.17362e-22
 -5.52511e-22
 -2.53915e-21
 -1.13908e-20
 -4.98792e-20
 -2.13188e-19
 -8.89333e-19
 -3.62077e-18
 -1.43863e-17
 -5.57811e-17
 -2.11051e-16
  -7.7915e-16
 -2.80648e-15
 -9.86232e-15
 -3.38096e-14
 -1.13061e-13
 -3.68772e-13
 -1.17311e-12
  -3.6393e-12
  -1.1009e-11
 -3.24703e-11
 -9.33648e-11
 -2.61689e-10
 -7.14891e-10
  -1.9032e-09
 -4.93694e-09
 -1.24764e-08
 -3.07121e-08
 -7.36269e-08
 -1.71864e-07
  -3.9054e-07
 -8.63732e-07
 -1.85874e-06
 -3.89106e-06
 -7.92145e-06
 -1.56781e-05
 -3.01568e-05
 -5.63542e-05
 -0.000102269
 -0.000180158
 -0.000307936
 -0.000510448
 -0.000820173
   -0.0012767
  -0.00192428
  -0.00280677
  -0.00395991
  -0.00540156
   -0.0071217
  -0.00907506
   -0.0111796
   -0.0133233
   -0.0153778
   -0.0172152
   -0.0187152
    -0.019751
   -0.0201387
   -0.0195491
   -0.0173934
   -0.0127206
  -0.00417993
   0.00988888
    0.0311921
    0.0610446
    0.0998197
     0.146418
     0.197927
     0.249644
     0.295563
     0.329315
     0.345392
     0.340387
     0.313913
     0.268925
     0.211303
      0.14877
    0.0893849
    0.0399863
   0.00498048
   -0.0142595
   -0.0192754
   -0.0137862
  -0.00258111
   0.00964166
    0.0192067
    0.0239844
    0.0234628
    0.0184492
    0.0105554
   0.00164105
  -0.00664731
   -0.0131607
   -0.0173431
   -0.0191731
   -0.0190137
   -0.0174333
   -0.0150468
   -0.0124042
  -0.00993273
  -0.00792329
  -0.00654674
  -0.00588168
  -0.00594158
  -0.00669294
  -0.00806299
  -0.00993936
   -0.0121674
   -0.0145515
    -0.016865
   -0.0188706
   -0.0203491
   -0.0211307
   -0.0211217
   -0.0203198
   -0.0188125
   -0.0167608
   -0.0143701
   -0.0118559
  -0.00941278
  -0.00719136
  -0.00528704
  -0.00374043
  -0.00254648
  -0.00166828
  -0.00105173
 -0.000638042
 -0.000372481
 -0.000209252
 -0.000113121
 -5.88474e-05
 -2.94593e-05
 -1.41914e-05
 -6.57872e-06
 -2.93471e-06
 -1.25975e-06
 -5.20238e-07
 -2.06371e-07
 -7.77609e-08
  -2.5484e-08
 -9.00415e-10
  2.01864e-08
   5.6979e-08
  1.38552e-07
  3.23314e-07
  7.33505e-07
  1.62048e-06
  3.48643e-06
  7.30401e-06
  1.48975e-05
  2.95772e-05
  5.71493e-05
  0.000107443
  0.000196501
  0.000349509
   0.00060442
   0.00101597
   0.00165935
   0.00263246
   0.00405494
    0.0060621
   0.00879188
    0.0123638
    0.0168503
    0.0222445
    0.0284289
    0.0351563
    0.0420504
    0.0486359
    0.0544009
    0.0588858
    0.0617847
    0.0630353
      0.06287
    0.0618054
    0.0605603
    0.0599103
    0.0605091
    0.0627218
    0.0665165
     0.071452
    0.0767724
    0.0815879
    0.0850952
     0.086776
    0.0865168
    0.0846165
     0.081683
    0.0784507
    0.0755755
    0.0734664
    0.0721963
    0.0715114
    0.0709262
    0.0698687
    0.0678326
    0.0644955
    0.0597792
    0.0538462
    0.0470449
     0.039825
    0.0326487
    0.0259169
    0.0199226
    0.0148339
    0.0107013
   0.00748224
   0.00507213
   0.00333466
   0.00212693
   0.00131649
  0.000790961
  0.000461391
  0.000261365
  0.000143801
  7.68556e-05
  3.99059e-05
  2.01317e-05
  9.86788e-06
  4.69975e-06
  2.17481e-06
