The signal's values:
  2.7876e-42
 1.22091e-41
 5.28482e-41
 2.26086e-40
 9.55903e-40
 3.99437e-39
  1.6496e-38
  6.7329e-38
 2.71594e-37
 1.08276e-36
 4.26614e-36
 1.66123e-35
 6.39321e-35
 2.43163e-34
 9.14047e-34
  3.3957e-33
 1.24675e-32
 4.52395e-32
 1.62235e-31
 5.74991e-31
 2.01402e-30
 6.97193e-30
 2.38522e-29
 8.06471e-29
 2.69484e-28
 8.89943e-28
 2.90452e-27
 9.36845e-27
 2.98637e-26
 9.40805e-26
 2.92911e-25
  9.0126e-25
 2.74058e-24
 8.23594e-24
 2.44602e-23
 7.17928e-23
 2.08246e-22
  5.9696e-22
 1.69117e-21
 4.73476e-21
 1.31003e-20
 3.58204e-20
 9.67939e-20
 2.58483e-19
 6.82151e-19
 1.77907e-18
 4.58529e-18
 1.16789e-17
 2.93965e-17
 7.31219e-17
 1.79744e-16
 4.36633e-16
 1.04817e-15
 2.48654e-15
 5.82919e-15
 1.35042e-14
 3.09153e-14
 6.99392e-14
 1.56354e-13
 3.45409e-13
 7.54042e-13
 1.62663e-12
 3.46749e-12
 7.30411e-12
 1.52035e-11
 3.12712e-11
 6.35568e-11
 1.27643e-10
 2.53303e-10
 4.96701e-10
 9.62394e-10
 1.84252e-09
 3.48551e-09
 6.51499e-09
 1.20323e-08
 2.19566e-08
 3.95875e-08
 7.05217e-08
 1.24123e-07
 2.15846e-07
 3.70842e-07
 6.29475e-07
 1.05562e-06
 1.74891e-06
 2.86253e-06
 4.62858e-06
 7.39349e-06
 1.16666e-05
 1.81855e-05
 2.80011e-05
 4.25879e-05
 6.39798e-05
 9.49361e-05
 0.000139135
  0.00020139
 0.000287886
 0.000406409
 0.000566558
 0.000779901
  0.00106004
  0.00142254
  0.00188467
  0.00246489
   0.0031821
   0.0040545
  0.00509827
  0.00632576
  0.00774367
   0.0093509
   0.0111366
   0.0130783
   0.0151406
   0.0172744
   0.0194171
   0.0214937
   0.0234195
   0.0251032
   0.0264517
   0.0273755
   0.0277946
    0.027644
   0.0268796
   0.0254823
   0.0234607
   0.0208521
   0.0177211
   0.0141562
   0.0102642
  0.00616316
  0.00197469
 -0.00218369
  -0.0062048
 -0.00999575
  -0.0134789
  -0.0165896
  -0.0192713
    -0.02147
  -0.0231293
  -0.0241902
  -0.0245958
  -0.0243041
  -0.0233041
  -0.0216351
  -0.0193995
  -0.0167657
  -0.0139551
  -0.0112118
 -0.00876038
  -0.0067611
 -0.00527352
  -0.0042416
 -0.00350669
 -0.00284776
    -0.00204
-0.000916289
 0.000585939
  0.00240655
   0.0043798
  0.00628345
  0.00790786
  0.00912673
  0.00994916
   0.0105336
   0.0111498
   0.0120856
   0.0135153
    0.015371
   0.0172851
   0.0186702
   0.0189581
   0.0179311
   0.0159761
   0.0140635
   0.0133558
   0.0145766
   0.0174921
    0.020891
   0.0231947
   0.0234042
   0.0217806
    0.019751
   0.0190248
   0.0204773
   0.0235627
   0.0266759
   0.0282155
   0.0276148
   0.0256561
   0.0239084
   0.0237161
   0.0254109
   0.0281848
   0.0305995
   0.0313436
   0.0297942
   0.0261542
   0.0212102
   0.0159285
   0.0111099
   0.0072178
  0.00437929
  0.00248723
  0.00132502
 0.000663261
 0.000312434
 0.000138681
 5.80708e-05
 2.29624e-05
 8.58182e-06
 3.03376e-06
 1.01513e-06
 3.21713e-07
 9.66186e-08
 2.75114e-08
 7.43046e-09
 1.90434e-09
 4.63297e-10
 1.07029e-10
 2.34858e-11
 4.89653e-12
 9.70201e-13
 1.82737e-13
 3.27247e-14
 5.57308e-15
 9.02748e-16
 1.39111e-16
 2.03963e-17
 2.84577e-18
  3.7789e-19
 4.77643e-20
 5.74735e-21
 6.58425e-22
 7.18232e-23
 7.46081e-24
 7.38091e-25
 6.95456e-26
 6.24151e-27
 5.33531e-28
 4.34265e-29
 3.36139e-30
  2.4616e-31
  1.6693e-32
 9.45523e-34
 1.38582e-35
-1.14163e-35
-3.84758e-36
-1.02992e-36
-2.61353e-37
 -6.4964e-38
-1.59289e-38
-3.85853e-39
-9.23669e-40
-2.18523e-40
-5.10943e-41
 -1.1807e-41
-2.69652e-42
 1.21655e-77
 1.75871e-76
 2.49276e-75
 3.46407e-74
 4.71967e-73
 6.30452e-72
 8.25671e-71
 1.06017e-69
  1.3346e-68
 1.64716e-67
 1.99309e-66
  2.3644e-65
  2.7499e-64
 3.13554e-63
 3.50513e-62
  3.8414e-61
 4.12731e-60
 4.34744e-59
 4.48939e-58
  4.5449e-57
 4.51069e-56
 4.38873e-55
 4.18612e-54
 3.91432e-53
 3.58815e-52
 3.22442e-51
  2.8405e-50
 2.45301e-49
 2.07663e-48
 1.72335e-47
 1.40196e-46
 1.11801e-45
  8.7397e-45
  6.6971e-44
  5.0305e-43
 3.70396e-42
  2.6733e-41
 1.89126e-40
 1.31151e-39
 8.91466e-39
 5.93946e-38
 3.87875e-37
 2.48277e-36
 1.55766e-35
 9.57854e-35
 5.77308e-34
  3.4103e-33
 1.97447e-32
  1.1204e-31
 6.23093e-31
 3.39615e-30
 1.81412e-29
   9.497e-29
 4.87234e-28
 2.44971e-27
   1.207e-26
  5.8279e-26
 2.75751e-25
 1.27854e-24
 5.80894e-24
 2.58616e-23
 1.12818e-22
 4.82234e-22
 2.01969e-21
 8.28791e-21
  3.3322e-20
 1.31259e-19
 5.06559e-19
 1.91522e-18
 7.09389e-18
 2.57402e-17
 9.14932e-17
 3.18566e-16
  1.0865e-15
 3.62961e-15
 1.18762e-14
 3.80594e-14
 1.19453e-13
 3.67167e-13
  1.1052e-12
 3.25766e-12
 9.40236e-12
 2.65712e-11
 7.35198e-11
 1.99154e-10
 5.28125e-10
 1.37095e-09
 3.48343e-09
 8.66295e-09
 2.10843e-08
 5.02172e-08
 1.17032e-07
 2.66855e-07
 5.95277e-07
 1.29893e-06
 2.77223e-06
 5.78615e-06
 1.18089e-05
 2.35627e-05
 4.59589e-05
 8.76125e-05
 0.000163206
 0.000297024
 0.000528004
 0.000916578
  0.00155337
  0.00256936
  0.00414653
  0.00652679
   0.0100161
   0.0149793
   0.0218204
   0.0309435
   0.0426909
    0.057259
   0.0745982
   0.0943111
     0.11557
     0.13708
    0.157118
    0.173663
    0.184631
    0.188184
    0.183082
       0.169
     0.14674
    0.118255
   0.0864573
   0.0548021
   0.0267207
  0.00500681
 -0.00870102
   -0.014213
  -0.0127742
 -0.00673392
  0.00102714
   0.0077697
    0.011499
   0.0113453
  0.00763469
  0.00164795
 -0.00484331
  -0.0101215
  -0.0129915
  -0.0130506
  -0.0107078
  -0.0069744
 -0.00311443
-0.000269237
 0.000834309
 2.37776e-05
 -0.00234665
 -0.00555792
 -0.00875648
  -0.0111808
  -0.0123264
  -0.0120192
  -0.0103977
 -0.00782773
 -0.00478476
 -0.00173938
 0.000929506
  0.00298131
  0.00432105
  0.00497691
  0.00506143
  0.00472914
  0.00414015
  0.00343476
  0.00271999
   0.0020663
   0.0015114
  0.00106762
 0.000730359
 0.000485593
 0.000315682
 0.000203232
 0.000133268
 9.41504e-05
 7.76984e-05
 7.88949e-05
 9.54467e-05
 0.000127365
 0.000176642
 0.000247044
 0.000344007
 0.000474585
  0.00064743
 0.000872722
  0.00116203
  0.00152804
  0.00198409
  0.00254356
  0.00321897
   0.0040209
  0.00495676
  0.00602936
  0.00723553
  0.00856484
  0.00999854
    0.011509
   0.0130596
   0.0146057
   0.0160959
   0.0174745
   0.0186848
   0.0196724
   0.0203895
   0.0207983
   0.0208745
   0.0206098
   0.0200129
   0.0191093
   0.0179393
   0.0165548
    0.015015
   0.0133815
   0.0117128
   0.0100602
   0.0084643
  0.00695305
  0.00554164
  0.00423403
  0.00302585
  0.00190813
 0.000871368
-9.09923e-05
    -0.00098
 -0.00179016
 -0.00251001
 -0.00312417
 -0.00361661
 -0.00397439
 -0.00419138
 -0.00427118
 -0.00422873
 -0.00409025
 -0.00389155
 -0.00367475
 -0.00348399
 -0.00336064
  -0.0033387
 -0.00344101
 -0.00367677
 -0.00404061
 -0.00451339
 -0.00506438
  -0.0056547
 -0.00624139
 -0.00678165
 -0.00723678
  -0.0075754
 -0.00777563
 -0.00782619
 -0.00772639
 -0.00748513
 -0.00711919
 -0.00665104
 -0.00610651
 -0.00551252
 -0.00489503
 -0.00427752
 -0.00367984
 -0.00311761
 -0.00260205
 -0.00214014
 -0.00173509
 -0.00138697
 -0.00109341
-0.000850277
-0.000652365
 3.18132e-09
 4.95684e-09
 7.68397e-09
 1.18507e-08
 1.81834e-08
 2.77573e-08
 4.21543e-08
 6.36892e-08
  9.5729e-08
 1.43143e-07
 2.12931e-07
 3.15098e-07
 4.63856e-07
 6.79275e-07
 9.89525e-07
 1.43391e-06
  2.0669e-06
 2.96358e-06
 4.22674e-06
 5.99622e-06
 8.46106e-06
 1.18752e-05
 1.65773e-05
 2.30164e-05
 3.17835e-05
 4.36513e-05
  5.9623e-05
 8.09919e-05
 0.000109413
 0.000146989
 0.000196372
 0.000260877
 0.000344624
 0.000452681
 0.000591238
 0.000767789
  0.00099132
  0.00127251
  0.00162394
  0.00206025
  0.00259831
  0.00325734
  0.00405897
  0.00502719
  0.00618826
   0.0075704
  0.00920343
   0.0111181
   0.0133455
   0.0159157
   0.0188569
   0.0221936
   0.0259454
   0.0301248
   0.0347353
   0.0397695
    0.045207
   0.0510126
   0.0571348
   0.0635042
   0.0700331
   0.0766155
   0.0831273
   0.0894289
   0.0953667
    0.100778
    0.105494
    0.109346
    0.112175
    0.113831
    0.114189
     0.11315
     0.11065
    0.106666
    0.101222
    0.094389
   0.0862875
   0.0770873
   0.0670031
    0.056288
   0.0452255
   0.0341191
   0.0232793
   0.0130111
  0.00359942
 -0.00470399
  -0.0116932
  -0.0172186
  -0.0211949
  -0.0236061
  -0.0245065
  -0.0240182
  -0.0223247
  -0.0196609
  -0.0163003
  -0.0125398
 -0.00868264
 -0.00502193
 -0.00182394
 0.000686478
  0.00233793
  0.00302109
  0.00269343
  0.00137966
-0.000832027
 -0.00379755
 -0.00732795
  -0.0112029
  -0.0151859
  -0.0190398
   -0.022542
  -0.0254981
  -0.0277531
  -0.0291996
  -0.0297823
   -0.029499
  -0.0283982
   -0.026573
  -0.0241528
  -0.0212925
  -0.0181613
  -0.0149301
   -0.011761
 -0.00879611
 -0.00615046
 -0.00390552
 -0.00210642
-0.000761642
 0.000154515
 0.000697034
 0.000943271
 0.000984637
  0.00091756
 0.000834542
 0.000816105
 0.000924385
    0.001199
  0.00165557
  0.00228699
  0.00306724
  0.00395697
  0.00491034
  0.00588166
  0.00683121
  0.00772917
   0.0085572
  0.00930757
  0.00998004
   0.0105772
   0.0110992
   0.0115383
   0.0118765
   0.0120842
   0.0121248
   0.0119638
   0.0115819
   0.0109913
   0.0102468
  0.00944762
  0.00871971
  0.00817867
  0.00787894
  0.00776749
  0.00766632
  0.00730436
   0.0064018
  0.00478399
   0.0024785
-0.000255588
 -0.00299599
 -0.00530905
 -0.00692677
 -0.00786865
 -0.00844547
 -0.00913358
  -0.0103699
  -0.0123562
  -0.0149584
  -0.0177405
  -0.0201151
  -0.0215408
  -0.0216882
  -0.0205188
  -0.0182616
  -0.0153162
  -0.0121286
 -0.00908401
 -0.00644505
 -0.00433717
 -0.00277096
 -0.00168167
-0.000969488
-0.000530501
-0.000274921
-0.000134273
-6.11666e-05
-2.53852e-05
-9.01935e-06
-2.14805e-06
 3.81232e-07
 1.07841e-06
 1.08681e-06
 8.88584e-07
 6.66989e-07
 4.79883e-07
 3.37326e-07
 2.33815e-07
 1.60541e-07
 1.09434e-07
 7.41357e-08
 4.99376e-08
 3.34541e-08
 2.22914e-08
 1.47745e-08
  9.7407e-09
 6.38819e-09
 4.16757e-09
 2.70466e-09
 1.74611e-09
