**************** MT TC 1 ****************
testcase 1: open two random MIT-BIH measurements
testcase 1: DONE

**************** MT TC 2 ****************
testcase 2: Print out the first loaded beat from the first recording
-1.90603e-05
-3.81206e-05
-5.71809e-05
-7.62412e-05
-9.53015e-05
-0.000114362
-0.000133422
-0.000152482
 -0.00160626
 -0.00162532
 -0.00164438
-0.000946084
   0.0019043
  0.00188524
 0.000431456
  0.00112976
 0.000393335
    0.001809
  0.00250729
  0.00392295
  0.00462125
  0.00388483
  0.00386577
  0.00599879
  0.00669709
  0.00883011
  0.00952841
  0.00879199
  0.00877293
   0.0101886
    0.013039
   0.0173241
    0.017305
   0.0180033
    0.019419
    0.021552
   0.0251197
   0.0294048
   0.0301031
   0.0300841
   0.0336518
   0.0357848
   0.0400699
    0.044355
   0.0464881
   0.0479037
   0.0507541
   0.0528871
   0.0571722
   0.0614573
    0.062873
   0.0635713
   0.0635522
     0.06712
   0.0685356
   0.0721034
   0.0713669
      0.0735
   0.0720462
   0.0756139
   0.0763122
   0.0777279
   0.0791435
   0.0776898
    0.076236
   0.0769343
   0.0754805
   0.0740267
   0.0725729
   0.0696844
   0.0646438
   0.0639074
   0.0624536
   0.0602825
   0.0552419
   0.0516361
   0.0451608
   0.0429896
   0.0401011
   0.0386473
   0.0343241
   0.0314356
   0.0285471
   0.0270933
   0.0256396
   0.0227511
   0.0212973
   0.0205609
   0.0191071
   0.0169359
   0.0176342
   0.0168978
   0.0168788
   0.0139903
   0.0139712
   0.0139521
   0.0146504
   0.0153487
   0.0131776
   0.0138759
   0.0124221
   0.0138378
    0.012384
   0.0137997
   0.0130632
   0.0137615
   0.0115904
    0.010854
   0.0122696
   0.0144027
   0.0158183
   0.0136472
   0.0129107
    0.013609
   0.0171768
   0.0164404
   0.0157039
   0.0156849
   0.0149485
   0.0170815
   0.0184971
   0.0191954
    0.018459
   0.0170052
   0.0169862
   0.0169671
   0.0198175
   0.0197984
   0.0197794
    0.019043
   0.0168718
   0.0175701
   0.0204205
   0.0196841
   0.0182303
   0.0182112
   0.0174748
   0.0174558
   0.0195888
   0.0202871
   0.0181159
   0.0166622
   0.0152084
   0.0159067
    0.016605
   0.0165859
   0.0172842
   0.0151131
   0.0143767
   0.0143576
   0.0150559
   0.0157542
   0.0143004
   0.0121293
   0.0121102
   0.0128085
   0.0135068
   0.0142051
    0.012034
   0.0105802
  0.00912641
  0.00982471
  0.00980565
  0.00906923
  0.00905017
  0.00903111
  0.00757733
  0.00827563
  0.00753921
  0.00752015
  0.00678373
  0.00748203
  0.00459353
  0.00529183
  0.00527277
  0.00740579
  0.00595201
  0.00593295
  0.00376181
  0.00374275
  0.00444105
  0.00442199
  0.00583765
  0.00366651
  0.00364745
  0.00434575
  0.00504405
  0.00789443
   0.0107448
   0.0100084
  0.00998933
   0.0121223
    0.013538
   0.0149537
    0.015652
   0.0163503
   0.0148965
   0.0155948
   0.0162931
   0.0191435
   0.0191244
   0.0191053
   0.0169342
   0.0183499
   0.0197655
   0.0204638
     0.01901
    0.018991
   0.0146678
    0.013214
   0.0139123
   0.0124585
   0.0110047
   0.0109857
   0.0109666
   0.0130996
   0.0137979
   0.0130615
   0.0123251
   0.0072845
    0.004396
  0.00365958
  0.00292316
  0.00218674
 0.000732955
 -0.00143819
 -0.00504405
 -0.00578047
 -0.00508217
 -0.00510123
 -0.00727237
 -0.00944351
 -0.00874521
 -0.00948163
 -0.00878333
 -0.00808503
 -0.00666937
 -0.00884051
  -0.0110117
 -0.00959599
 -0.00818033
 -0.00819939
 -0.00750109
 -0.00895487
 -0.00969129
 -0.00899299
 -0.00829469
 -0.00903111
 -0.00905017
  -0.0112213
  -0.0148272
  -0.0191504
  -0.0284951
  -0.0342531
  -0.0357069
   -0.029987
  -0.0206804
 -0.00706964
   0.0187363
   0.0617588
    0.116259
    0.170759
    0.219521
    0.265413
    0.299827
    0.314155
    0.306963
    0.276097
    0.212233
    0.137608
    0.067288
   0.0149017
  -0.0145291
   -0.026026
  -0.0267624
  -0.0210426
 -0.00958386
  0.00115748
  0.00615994
  0.00255408
 -0.00320386
   -0.005375
 -0.00539406
 -0.00613048
 -0.00614954
 -0.00832068
  -0.0119265
  -0.0133803
  -0.0141167
  -0.0134184
  -0.0141549
   -0.016326
  -0.0184971
  -0.0177988
  -0.0163832
  -0.0156849
   -0.017856
  -0.0185924
   -0.021481
  -0.0193479
  -0.0172149
  -0.0186687
  -0.0179704
  -0.0194242
  -0.0201606
  -0.0187449
  -0.0201987
  -0.0202178
  -0.0195195
  -0.0188212
  -0.0217097
  -0.0195767
   -0.018161
  -0.0174627
  -0.0153297
  -0.0182182
   -0.019672
  -0.0168216
  -0.0139712
  -0.0147076
  -0.0147267
  -0.0147457
  -0.0154822
  -0.0133491
  -0.0112161
  -0.0090831
  -0.0083848
 -0.00983858
 -0.00985764
 -0.00844198
  -0.0055916
 -0.00202386
 -0.00132556
 -0.00134462
 -0.00208104
   0.0014867
   0.0057718
  0.00790482
   0.0100378
   0.0107361
   0.0128692
   0.0171543
    0.020722
   0.0242897
   0.0278575
   0.0285558
   0.0292541
   0.0328218
   0.0371069
    0.041392
    0.041373
    0.043506
   0.0463564
   0.0492067
   0.0520571
   0.0556249
   0.0548884
   0.0555867
   0.0570024
   0.0591354
   0.0619858
   0.0634015
    0.062665
    0.062646
   0.0604748
   0.0611731
   0.0604367
   0.0597003
   0.0589639
   0.0546407
   0.0531869
   0.0510157
   0.0488446
   0.0452387
   0.0423502
   0.0373097
   0.0337038
   0.0300979
   0.0279268
   0.0250383
   0.0207151
   0.0156745
   0.0120686
   0.0106149
  0.00916107
  0.00770729
  0.00697087
  0.00264765
  0.00119387
-0.000259913
  0.00115575
  0.00185405
  0.00183499
 -0.00392295
 -0.00322466
 -0.00396108
  -0.0011107
-0.000412395
 -0.00114882
 -0.00331996
 -0.00405638
 -0.00335808
  -0.0040945
 -0.00267884
 -0.00341526
 -0.00415168
  -0.0048881
  -0.0041898
 -0.00133942
 -0.00135848
 -0.00137754
  -0.0013966
 -0.00213302
 -0.00071736
-1.90603e-05
testcase 2: Load next beat and print it
 0.000141323
 0.000282646
-0.000294422
 -0.00158988
 0.000706614
  0.00156633
  0.00314443
  0.00328575
   0.0019903
 0.000694837
  0.00227294
  0.00313265
  0.00471076
  0.00485208
   0.0049934
  0.00226116
  0.00312088
  0.00541737
   0.0055587
  0.00498163
  0.00368617
  0.00454588
  0.00396881
  0.00482853
  0.00640663
  0.00582956
  0.00381572
  0.00252026
  0.00194319
  0.00423968
   0.0050994
  0.00452233
  0.00322687
  0.00193141
  0.00279112
  0.00365084
  0.00451055
   0.0024967
  0.00335642
  0.00206096
 0.000765498
  0.00162521
  0.00248493
  0.00262625
  0.00133079
 0.000753721
  0.00161344
  0.00247315
  0.00261447
  0.00275579
  0.00217873
 -0.00127191
 0.000306199
  0.00116591
-0.000129546
 0.000730168
  0.00087149
 -0.00114236
 -0.00171943
-0.000141323
 0.000718391
 0.000141323
 -0.00115414
 -0.00316799
  -0.0001531
-0.000730168
 0.000847937
  0.00170765
 -0.00102459
 -0.00232005
 -0.00146034
  0.00155455
 0.000977483
 0.000400415
 0.000541737
-0.000753721
 -0.00133079
-0.000471076
  0.00110703
  0.00196674
  0.00138967
    0.001531
   0.0031091
   0.0054056
  0.00626531
   0.0092802
  0.00942152
   0.0124364
   0.0132961
   0.0134374
   0.0135788
   0.0130017
   0.0145798
   0.0140027
    0.017736
   0.0200325
   0.0208922
   0.0217519
   0.0204565
   0.0198794
   0.0214575
    0.023754
   0.0238953
   0.0218815
    0.020586
   0.0178538
   0.0151215
   0.0159813
   0.0154042
   0.0155455
   0.0164052
   0.0151098
   0.0166879
    0.018266
   0.0155337
   0.0128015
   0.0107876
   0.0080554
  0.00747833
  0.00761965
  0.00632419
  0.00431034
  0.00445167
  0.00243782
  0.00114236
  0.00200207
    0.001425
 0.000847937
 -0.00116591
 -0.00102459
-0.000883267
-0.000741945
  0.00155455
 0.000977483
  0.00111881
 -0.00161344
-0.000753721
 0.000105992
 0.000247315
  0.00182542
  0.00052996
-4.71076e-05
 0.000812606
   0.0031091
  0.00325042
  0.00195497
-5.88845e-05
 -0.00710147
  -0.0155808
  -0.0226234
  -0.0246373
  -0.0180304
 -0.00998681
  0.00164877
   0.0276522
   0.0737705
    0.131383
    0.193306
    0.244453
    0.288416
    0.319448
    0.332521
    0.316857
    0.264556
    0.182083
   0.0967354
   0.0315032
 -0.00068306
 -0.00988082
 -0.00830271
 -0.00313265
  0.00922131
   0.0187017
   0.0209982
   0.0161108
   0.0133786
   0.0106463
   0.0107876
    0.010929
   0.0125071
  0.00905643
   0.0056058
  0.00287356
 0.000141323
testcase 2: DONE

**************** MT TC 3 ****************
testcase 3: Apply dilatation and translation to signal. Print results.
           0
           0
           0
           0
           0
           0
           0
           0
           0
           0
           0
           0
           0
           0
           0
           0
           0
           0
           0
           0
           0
           0
           0
           0
           0
           0
           0
           0
           0
           0
           0
           0
           0
           0
           0
           0
           0
           0
           0
           0
           0
           0
           0
           0
           0
           0
           0
           0
           0
           0
           0
           0
           0
           0
           0
    0.299325
    0.280201
    0.256917
    0.230085
    0.201033
    0.171126
    0.141504
    0.112997
   0.0863997
    0.062451
   0.0418222
   0.0251574
   0.0125453
  0.00338517
 -0.00295738
 -0.00702524
 -0.00924818
  -0.0100442
 -0.00982352
 -0.00898827
 -0.00793061
 -0.00671904
 -0.00494492
 -0.00216841
  0.00167219
  0.00600419
   0.0101985
   0.0138143
   0.0167782
   0.0190594
   0.0205972
   0.0212598
   0.0209054
   0.0195615
   0.0177446
   0.0160578
   0.0149289
   0.0141592
   0.0134102
   0.0124392
   0.0114327
   0.0106974
   0.0104696
   0.0105925
   0.0107721
   0.0107659
   0.0106944
   0.0108323
   0.0113995
   0.0121348
    0.012531
   0.0121282
   0.0110049
  0.00956039
  0.00818021
  0.00699606
  0.00596818
  0.00505178
   0.0041806
  0.00327212
   0.0022533
  0.00121449
 0.000375752
-5.15184e-05
-8.51724e-05
 7.21192e-05
 0.000218744
 0.000281731
 0.000288355
 0.000263056
 0.000153963
-0.000145846
-0.000718185
 -0.00134471
           0
           0
           0
           0
           0
           0
           0
           0
           0
           0
           0
           0
           0
           0
           0
           0
           0
           0
           0
           0
           0
           0
           0
           0
           0
           0
           0
           0
           0
           0
           0
           0
           0
           0
           0
           0
           0
           0
           0
           0
           0
           0
           0
           0
           0
           0
           0
           0
           0
           0
           0
           0
           0
           0
           0
testcase 3: DONE

**************** MT TC 4 ****************
testcase 4: Test getter functions.
sigPrep::getSignal()
 0.000141323
 0.000282646
-0.000294422
 -0.00158988
 0.000706614
  0.00156633
  0.00314443
  0.00328575
   0.0019903
 0.000694837
  0.00227294
  0.00313265
  0.00471076
  0.00485208
   0.0049934
  0.00226116
  0.00312088
  0.00541737
   0.0055587
  0.00498163
  0.00368617
  0.00454588
  0.00396881
  0.00482853
  0.00640663
  0.00582956
  0.00381572
  0.00252026
  0.00194319
  0.00423968
   0.0050994
  0.00452233
  0.00322687
  0.00193141
  0.00279112
  0.00365084
  0.00451055
   0.0024967
  0.00335642
  0.00206096
 0.000765498
  0.00162521
  0.00248493
  0.00262625
  0.00133079
 0.000753721
  0.00161344
  0.00247315
  0.00261447
  0.00275579
  0.00217873
 -0.00127191
 0.000306199
  0.00116591
-0.000129546
 0.000730168
  0.00087149
 -0.00114236
 -0.00171943
-0.000141323
 0.000718391
 0.000141323
 -0.00115414
 -0.00316799
  -0.0001531
-0.000730168
 0.000847937
  0.00170765
 -0.00102459
 -0.00232005
 -0.00146034
  0.00155455
 0.000977483
 0.000400415
 0.000541737
-0.000753721
 -0.00133079
-0.000471076
  0.00110703
  0.00196674
  0.00138967
    0.001531
   0.0031091
   0.0054056
  0.00626531
   0.0092802
  0.00942152
   0.0124364
   0.0132961
   0.0134374
   0.0135788
   0.0130017
   0.0145798
   0.0140027
    0.017736
   0.0200325
   0.0208922
   0.0217519
   0.0204565
   0.0198794
   0.0214575
    0.023754
   0.0238953
   0.0218815
    0.020586
   0.0178538
   0.0151215
   0.0159813
   0.0154042
   0.0155455
   0.0164052
   0.0151098
   0.0166879
    0.018266
   0.0155337
   0.0128015
   0.0107876
   0.0080554
  0.00747833
  0.00761965
  0.00632419
  0.00431034
  0.00445167
  0.00243782
  0.00114236
  0.00200207
    0.001425
 0.000847937
 -0.00116591
 -0.00102459
-0.000883267
-0.000741945
  0.00155455
 0.000977483
  0.00111881
 -0.00161344
-0.000753721
 0.000105992
 0.000247315
  0.00182542
  0.00052996
-4.71076e-05
 0.000812606
   0.0031091
  0.00325042
  0.00195497
-5.88845e-05
 -0.00710147
  -0.0155808
  -0.0226234
  -0.0246373
  -0.0180304
 -0.00998681
  0.00164877
   0.0276522
   0.0737705
    0.131383
    0.193306
    0.244453
    0.288416
    0.319448
    0.332521
    0.316857
    0.264556
    0.182083
   0.0967354
   0.0315032
 -0.00068306
 -0.00988082
 -0.00830271
 -0.00313265
  0.00922131
   0.0187017
   0.0209982
   0.0161108
   0.0133786
   0.0106463
   0.0107876
    0.010929
   0.0125071
  0.00905643
   0.0056058
  0.00287356
 0.000141323

sigPrep::getEntireSignal()
 949 1034
 949 1034
 949 1034
 949 1034
 949 1034
 949 1034
 949 1034
 949 1034
 947 1034
 947 1031
 947 1031
 948 1034
 952 1037
 952 1037
 950 1032
 951 1033
 950 1031
 952 1035
 953 1038
 955 1039
 956 1037
 955 1035
 955 1038
 958 1040
 959 1042
 962 1041
 963 1042
 962 1041
 962 1041
 964 1045
 968 1048
 974 1049
 974 1048
 975 1049
 977 1051
 980 1053
 985 1056
 991 1057
 992 1059
 992 1058
 997 1060
1000 1066
1006 1070
1012 1071
1015 1072
1017 1075
1021 1075
1024 1079
1030 1084
1036 1083
1038 1087
1039 1087
1039 1091
1044 1094
1046 1094
1051 1095
1050 1095
1053 1094
1051 1095
1056 1098
1057 1102
1059 1103
1061 1101
1059 1098
1057 1097
1058 1100
1056 1101
1054 1099
1052 1098
1048 1093
1041 1093
1040 1091
1038 1090
1035 1086
1028 1080
1023 1077
1014 1074
1011 1072
1007 1069
1005 1065
 999 1060
 995 1057
 991 1053
 989 1051
 987 1050
 983 1049
 981 1045
 980 1041
 978 1039
 975 1040
 976 1040
 975 1039
 975 1036
 971 1032
 971 1032
 971 1034
 972 1037
 973 1034
 970 1032
 971 1030
 969 1030
 971 1031
 969 1033
 971 1033
 970 1031
 971 1029
 968 1027
 967 1028
 969 1031
 972 1033
 974 1033
 971 1032
 970 1029
 971 1033
 976 1036
 975 1036
 974 1033
 974 1032
 973 1034
 976 1035
 978 1038
 979 1038
 978 1038
 976 1034
 976 1035
 976 1037
 980 1037
 980 1039
 980 1037
 979 1036
 976 1037
 977 1038
 981 1042
 980 1038
 978 1036
 978 1037
 977 1035
 977 1037
 980 1037
 981 1040
 978 1039
 976 1038
 974 1036
 975 1036
 976 1037
 976 1038
 977 1034
 974 1033
 973 1033
 973 1034
 974 1036
 975 1034
 973 1032
 970 1030
 970 1028
 971 1028
 972 1032
 973 1029
 970 1029
 968 1029
 966 1026
 967 1027
 967 1030
 966 1026
 966 1024
 966 1022
 964 1022
 965 1023
 964 1025
 964 1024
 963 1023
 964 1020
 960 1020
 961 1022
 961 1022
 964 1022
 962 1019
 962 1017
 959 1018
 959 1020
 960 1021
 960 1021
 962 1018
 959 1015
 959 1016
 960 1016
 961 1020
 965 1017
 969 1018
 968 1015
 968 1016
 971 1019
 973 1021
 975 1021
 976 1019
 977 1017
 975 1018
 976 1021
 977 1023
 981 1022
 981 1020
 981 1018
 978 1019
 980 1020
 982 1022
 983 1020
 981 1021
 981 1017
 975 1016
 973 1016
 974 1016
 972 1012
 970 1010
 970 1007
 970 1004
 973 1006
 974 1013
 973 1013
 972 1017
 965 1017
 961 1015
 960 1019
 959 1018
 958 1017
 956 1015
 953 1010
 948 1010
 947 1012
 948 1014
 948 1013
 945 1011
 942 1009
 943 1007
 942 1009
 943 1011
 944 1009
 946 1008
 943 1008
 940 1008
 942 1011
 944 1012
 944 1012
 945 1011
 943 1012
 942 1011
 943 1012
 944 1014
 943 1014
 943 1012
 940 1009
 935 1010
 929 1013
 916 1013
 908 1007
 906 1003
 914 1002
 927 1009
 946 1017
 982 1026
1042 1043
1118 1071
1194 1110
1262 1158
1326 1206
1374 1256
1394 1297
1384 1311
1341 1300
1252 1258
1148 1188
1050 1100
 977 1018
 936  955
 920  929
 919  928
 927  942
 943  964
 958  985
 965 1004
 960 1016
 952 1020
 949 1022
 949 1020
 948 1017
 948 1016
 945 1015
 940 1014
 938 1015
 937 1016
 938 1013
 937 1012
 934 1012
 931 1009
 932 1013
 934 1014
 935 1014
 932 1012
 931 1012
 927 1012
 930 1014
 933 1015
 931 1013
 932 1011
 930 1012
 929 1013
 931 1015
 929 1018
 929 1015
 930 1016
 931 1014
 927 1014
 930 1017
 932 1019
 933 1020
 936 1016
 932 1016
 930 1016
 934 1017
 938 1019
 937 1020
 937 1020
 937 1020
 936 1020
 939 1023
 942 1025
 945 1023
 946 1024
 944 1023
 944 1024
 946 1025
 950 1031
 955 1030
 956 1031
 956 1029
 955 1030
 960 1035
 966 1040
 969 1036
 972 1037
 973 1039
 976 1040
 982 1046
 987 1052
 992 1051
 997 1054
 998 1055
 999 1055
1004 1060
1010 1064
1016 1065
1016 1066
1019 1068
1023 1069
1027 1072
1031 1077
1036 1079
1035 1076
1036 1078
1038 1079
1041 1080
1045 1084
1047 1084
1046 1084
1046 1084
1043 1083
1044 1085
1043 1088
1042 1083
1041 1081
1035 1079
1033 1076
1030 1076
1027 1076
1022 1073
1018 1068
1011 1065
1006 1062
1001 1058
 998 1058
 994 1052
 988 1047
 981 1044
 976 1041
 974 1037
 972 1038
 970 1032
 969 1030
 963 1026
 961 1022
 959 1025
 961 1024
 962 1023
 962 1021
 954 1018
 955 1017
 954 1018
 958 1021
 959 1017
 958 1016
 955 1013
 954 1011
 955 1014
 954 1016
 956 1015
 955 1015
 954 1014
 953 1010
 954 1013
 958 1016
 958 1014
 958 1015
 958 1014
 957 1014
 959 1016
 960 1020
 961 1016
 961 1015
 960 1015
 958 1014
 961 1015
 962 1021
 964 1023
 964 1021
 962 1016
 960 1019
 962 1018
 963 1020
 965 1019
 965 1020
 965 1019
 961 1020
 962 1022
 965 1022
 965 1021
 964 1020
 962 1019
 963 1019
 962 1020
 963 1022
 965 1020
 964 1019
 961 1016
 959 1017
 958 1020
 961 1018
 962 1017
 961 1018
 959 1014
 957 1015
 958 1016
 959 1017
 960 1016
 957 1014
 958 1011
 956 1011
 954 1010
 955 1013
 956 1012
 956 1010
 954 1009
 953 1009
 954 1009
 955 1010
 955 1008
 955 1006
 954 1004
 949 1003
 951 1004
 952 1007
 950 1006
 951 1004
 951 1002
 948 1002
 947 1001
 949 1003
 950 1003
 949 1001
 947 1002
 944  999
 948 1001
 947 1003
 949 1002
 950 1000
 946  998
 944  997
 945  999
 949 1001
 948 1001
 947  999
 947  997
 945  995
 944  998
 945 1000
 947 1001
 948  998
 947  997
 947  995
 949  998
 952  999
 953  999
 957  999
 957  998
 961  998
 962  999
 962 1002
 962 1002
 961  997
 963 1000
 962  998
 967 1001
 970 1002
 971 1002
 972  998
 970  997
 969  998
 971 1000
 974 1003
 974 1000
 971 1000
 969  998
 965  994
 961  995
 962  994
 961  992
 961  989
 962  987
 960  989
 962  995
 964 1001
 960 1002
 956 1001
 953 1001
 949 1001
 948 1000
 948 1002
 946 1000
 943  997
 943  995
 940  995
 938  994
 939  995
 938  995
 937  992
 934  993
 934  990
 934  993
 934  995
 937  992
 936  993
 936  993
 932  993
 933  995
 934  997
 934  995
 936  995
 934  992
 933  991
 934  993
 937  996
 937  995
 935  994
 932  994
 922  995
 910  993
 900  990
 897  987
 906  988
 917  992
 933  996
 969 1009
1033 1027
1113 1061
1199 1104
1270 1152
1331 1203
1374 1256
1392 1291
1370 1293
1297 1259
1182 1183
1063 1083
 972  991
 927  931
 914  909
 916  913
 923  932
 940  956
 953  983
 956 1002
 949 1005
 945 1002
 941  998
 941  997
 941  999
 943 1000
 938 1000
 933  996
 929  994
 925  991
 925  993

sigPrep::getSigFirstVal()
961

sigPrep::getSigLastVal()
925

sigPrep::getSigMaxVal()
1392

EcgsigPrep::getDilat()
0.5

EcgsigPrep::getTrans()
83

testcase 4: DONE

